140623
166991
197707
222348
244771
247483
282375
296276
311390
387722
438394
459580
487669
498676
509647
566063
659419
701579
742522
770949
780285
829506
846899
853992
871826
920522
969489
974755
1087991
1117834
1119738
1148093
1180525
1183836
1206002
1225401
1272753
1280595
1308326
1311277
1345292
1346820
1358627
1371904
1389038
1414034
1435959
1504608
1539467
1541251
1581503
1592632
1627515
1642157
1642692
1660523
1709204
1749311
1769373
1796307
1836321
1868611
1875631
1899225
1905805
1980772
2000537
2031821
2056514
2128822
2133385
2148543
2159578
2180558
2214363
2221074
2233927
2243895
2261319
2316554
2319829
2323176
2346742
2377331
2533060
2613268
2674796
2679537
2696362
2720301
2766720
2805151
2811368
2823162
2846634
2850884
2880601
2894032
2946042
2996043
