2999892
2999593
2999353
2998569
2998417
2997520
2997500
2997485
2997319
2996758
2996635
2996312
2996254
2994253
2994249
2994177
2994010
2993406
2993034
2992813
2992571
2992176
2992101
2991606
2991560
2991454
2991350
2991299
2990852
2990443
2990118
2989447
2989059
2988986
2988878
2988824
2988793
2988649
2988594
2987824
2987521
2987487
2986365
2985964
2985836
2985045
2984989
2984481
2984152
2983657
2983159
2982937
2982862
2982842
2982082
2981690
2980774
2980651
2980434
2980062
2979990
2979900
2979590
2979189
2978886
2978224
2978001
2977573
2977390
2977270
2977154
2977101
2977055
2976952
2976852
2976564
2976312
2976158
2975478
2975299
2974992
2974944
2974788
2974559
2974445
2974387
2974261
2973958
2973432
2973405
2973396
2973356
2972296
2971791
2971725
2971250
2970827
2970724
2970719
2970603
2970386
2969877
2969845
2969109
2969004
2968578
2968165
2967882
2967697
2967262
2966948
2966791
2966063
2965833
2965729
2965548
2965368
2965325
2964909
2964836
2964447
2963148
2963096
2962901
2962722
2962709
2962448
2961804
2961605
2961086
2961052
2961033
2960517
2960475
2960278
2960041
2960004
2959806
2959779
2959253
2959099
2959044
2958683
2958424
2958272
2957869
2957568
2957112
2956966
2956875
2956542
2956433
2955617
2955448
2955242
2955198
2954773
2954711
2954318
2953562
2953559
2953189
2953160
2953120
2952438
2952005
2951585
2950073
2949748
2949735
2949138
2948408
2947806
2947604
2947550
2947070
2946579
2946187
2946121
2946002
2945488
2944828
2944677
2944102
2943594
2943377
2943358
2942019
2941771
2941434
2941401
2941363
2941334
2941305
2941090
2940660
2940440
2940383
2940205
2940050
2940008
2939449
2939266
2939204
2938644
2938498
2938301
2937907
2937848
2937691
2936961
2936794
2935832
2935707
2935605
2934866
2934863
2934685
2934368
2933898
2933489
2933228
2932940
2932843
2932328
2932257
2932117
2932097
2931884
2931579
2931217
2931028
2930960
2930902
2930686
2930503
2929502
2928746
2926955
2926746
2926497
2926441
2926293
2926219
2925655
2925328
2925262
2924623
2924562
2923274
2922845
2922595
2922536
2922095
2921614
2920288
2919501
2919334
2918844
2918432
2918038
2917908
2917815
2917337
2917318
2917096
2915947
2915374
2915363
2915242
2914945
2914045
2913653
2913393
2913342
2913171
2912941
2912535
2912510
2912405
2912101
2912032
2911857
2911664
2911397
2911091
2910672
2910259
2909902
2909811
2907639
2907432
2906860
2906716
2906380
2905787
2905734
2905267
2905027
2904362
2904294
2903760
2903687
2903412
2903324
2903094
2902847
2902373
2902303
2902259
2902201
2902129
2902025
2902024
2901748
2901622
2901148
2901075
2900837
2900206
2899903
2899111
2899096
2898980
2898837
2898829
2898778
2898512
2898026
2897518
2896948
2896757
2896453
2896108
2895951
2895755
2895742
2895269
2894379
2894329
2893722
2893024
2892844
2892385
2892016
2891151
2890753
2890205
2890005
2889279
2889070
2888598
2888220
2887121
2887091
2886859
2886672
2886316
2885918
2885770
2885768
2885362
2885030
2884756
2883365
2882490
2882425
2882298
2882224
2881994
2881929
2881672
2881605
2881498
2880489
2879487
2879139
2879054
2879041
2878961
2878423
2878315
2878253
2878130
2877350
2877268
2876634
2876330
2876105
2876071
2875644
2875595
2875244
2875102
2874677
2874123
2873629
2872893
2872803
2872659
2872314
2871825
2871513
2871402
2871170
2870739
2870110
2870019
2869403
2869226
2868890
2868650
2868537
2868133
2867861
2867207
2867014
2866681
2866521
2866360
2866079
2865782
2865553
2865186
2865159
2865126
2865062
2864650
2864335
2863427
2863374
2863127
2862378
2862363
2861592
2860999
2860036
2859519
2859240
2858396
2858221
2857603
2857201
2857132
2855772
2855606
2855602
2855512
2855368
2855348
2855273
2854796
2854737
2854421
2853771
2853747
2853367
2852977
2852923
2852647
2852479
2852466
2852332
2852253
2852081
2851485
2851393
2851313
2850911
2850123
2849870
2849395
2849221
2849150
2848788
2848302
2848037
2847908
2847890
2847467
2847152
2847099
2846810
2846545
2846117
2845540
2844836
2844775
2844523
2843717
2843517
2843344
2843029
2841742
2841704
2841447
2841270
2841184
2841126
2841112
2840979
2840959
2840416
2840336
2840185
2840016
2839951
2839406
2839365
2839131
2839096
2838494
2838323
2837989
2837753
2836994
2836858
2836590
2836306
2835801
2835708
2834534
2833964
2833712
2833363
2832886
2832738
2832434
2832185
2831915
2831741
2831638
2831325
2830035
2829556
2829445
2829103
2828894
2828520
2828454
2828322
2828104
2827988
2827885
2827772
2826997
2826356
2826137
2826093
2826000
2825627
2825523
2825263
2824456
2824222
2824205
2824161
2823712
2823452
2823396
2823232
2823004
2822511
2822404
2822342
2821681
2821547
2821538
2821213
2820878
2820475
2820434
2820402
2820307
2819373
2818591
2818407
2818313
2818018
2817808
2817647
2817563
2817483
2816735
2816477
2815883
2815806
2815284
2815095
2814917
2814868
2814848
2814564
2814348
2814318
2814215
2813191
2813099
2813068
2813055
2812820
2811701
2811333
2811231
2811061
2810696
2810530
2810349
2810004
2809783
2809775
2809260
2809165
2808915
2808865
2807582
2806864
2806619
2806263
2806209
2806084
2805319
2804691
2804338
2803876
2803808
2803557
2803275
2803217
2802757
2802665
2802457
2802372
2801846
2801816
2801663
2801638
2801594
2800903
2800125
2800098
2799593
2799585
2799452
2799275
2799244
2799055
2798675
2798661
2798546
2798508
2798489
2798454
2798224
2797907
2797830
2797198
2797042
2796955
2796866
2796550
2796249
2795855
2795252
2794969
2794890
2794661
2794168
2794056
2793971
2793899
2793752
2793613
2793325
2792489
2792343
2792284
2792031
2791893
2791740
2791434
2791321
2791142
2791066
2790796
2790585
2790566
2790545
2790469
2790379
2790270
2790194
2790072
2789774
2789749
2789661
2789469
2789430
2789275
2789245
2789201
2789097
2788789
2788611
2788055
2787964
2787938
2787933
2787775
2787726
2785869
2785700
2785444
2785408
2785237
2785155
2784971
2784847
2784820
2784121
2783752
2783670
2783596
2783372
2782515
2782236
2781680
2781406
2780795
2780467
2780237
2779094
2778789
2778761
2778660
2778368
2778285
2778194
2777613
2777604
2777600
2776932
2776896
2776778
2776583
2775905
2775579
2775237
2775142
2774609
2774205
2774166
2773971
2773916
2773404
2773269
2773121
2773011
2772876
2772790
2772266
2772206
2772205
2772098
2771782
2771058
2771056
2770741
2770601
2770554
2770229
2768261
2768203
2767273
2767180
2767044
2766978
2766726
2766689
2766630
2765965
2764817
2764663
2764550
2764386
2764347
2764326
2764296
2764023
2763926
2762732
2762635
2762474
2762421
2762070
2761743
2761255
2761056
2760595
2759997
2759592
2758507
2758444
2757796
2757527
2757523
2757033
2756983
2756879
2756587
2756421
2756124
2756027
2755789
2755668
2755645
2755609
2755234
2754808
2753858
2753558
2753243
2752598
2751920
2751799
2751795
2751672
2751399
2751192
2751086
2750664
2750609
2750550
2750416
2750087
2749983
2749889
2749302
2749232
2748863
2748802
2748761
2748709
2748068
2748065
2748047
2747273
2746568
2746567
2746253
2745336
2744824
2744765
2744602
2744249
2743457
2743306
2743270
2742437
2742348
2741774
2740471
2739807
2739553
2739304
2739258
2739043
2738743
2738003
2737832
2737677
2737668
2737662
2737573
2737320
2737199
2736751
2736723
2736695
2736607
2735953
2735302
2735188
2735021
2733904
2733546
2733421
2733401
2733140
2732528
2732393
2732091
2732031
2731431
2731110
2731062
2731028
2730690
2729852
2729800
2729683
2729451
2729185
2729085
2729019
2728702
2728641
2727398
2726923
2726728
2726079
2725473
2725469
2725126
2724698
2724583
2724488
2724211
2723218
2722983
2722588
2722441
2721010
2720963
2720870
2720738
2720669
2720252
2720118
2720014
2719981
2719588
2719307
2719180
2719051
2718894
2718864
2718810
2717763
2717547
2717012
2716571
2716273
2716246
2716150
2715935
2715530
2715003
2714761
2714063
2714020
2714000
2713931
2713781
2713582
2713449
2713400
2711968
2711800
2711374
2711361
2711260
2710714
2710341
2710316
2710182
2709873
2709392
2709266
2709126
2708893
2708482
2708203
2708140
2707991
2707772
2707019
2706946
2706056
2705748
2705499
2704753
2704485
2704360
2703907
2703457
2702485
2702417
2702336
2702321
2701726
2701495
2701368
2701121
2700486
2700334
2700106
2699690
2699574
2699271
2699097
2698811
2698106
2697710
2697528
2697347
2697225
2697141
2697081
2697077
2696211
2695987
2695606
2695407
2695359
2695287
2694983
2694761
2693656
2693654
2693585
2692679
2692418
2691896
2691773
2690338
2690193
2690126
2689742
2688900
2687926
2687607
2687481
2687411
2687305
2686968
2686906
2686602
2686524
2686517
2686094
2685791
2685743
2685449
2684957
2684885
2684775
2684705
2684678
2684508
2684196
2684047
2684008
2683884
2682772
2682070
2681834
2681661
2681465
2680820
2680489
2680411
2680284
2680153
2679879
2679739
2679697
2679668
2679581
2679563
2679335
2678331
2678173
2677862
2677715
2677221
2676795
2676659
2676388
2676257
2676145
2676005
2675674
2675594
2675431
2675400
2675109
2674909
2674891
2674822
2674785
2674756
2674685
2674417
2673606
2673262
2673176
2672428
2672323
2671995
2671598
2671536
2671254
2670718
2670529
2670163
2669146
2668854
2668836
2668579
2668492
2668480
2668236
2667953
2667685
2667401
2666958
2666807
2666399
2666013
2665771
2665516
2665422
2665105
2664425
2664219
2664052
2663357
2663220
2662982
2662479
2662471
2662353
2662289
2661888
2661352
2660258
2659487
2659483
2659460
2659458
2659080
2658465
2658282
2657905
2657876
2657621
2657130
2656990
2656760
2656667
2656557
2656500
2655529
2655459
2654999
2654936
2654114
2654088
2653591
2653338
2653160
2652796
2652608
2652513
2652053
2651768
2651743
2651515
2650728
2650428
2650058
2649977
2649956
2649709
2649590
2649561
2649404
2649394
2648870
2648639
2648548
2648143
2648111
2647816
2647768
2647321
2647305
2646862
2646811
2645795
2645205
2645063
2644649
2644291
2644176
2644167
2644108
2644032
2643943
2643850
2643819
2643629
2643117
2643111
2643087
2642902
2642627
2642315
2642266
2642170
2642003
2641644
2641456
2641118
2641090
2639608
2639579
2639493
2639172
2639065
2638793
2638767
2638738
2638402
2637583
2637446
2637217
2636972
2636865
2636692
2635174
2635132
2634818
2634519
2634412
2634268
2634202
2634089
2633890
2633746
2633475
2633115
2632768
2632385
2631076
2631045
2630896
2630125
2629925
2629715
2629518
2629231
2628975
2628881
2628539
2628538
2628518
2628371
2628010
2627924
2627799
2627734
2627615
2627567
2627265
2627094
2626634
2626620
2625965
2625661
2625408
2625326
2625287
2624894
2624882
2624198
2623180
2622191
2621556
2621377
2621308
2621208
2620930
2620248
2620166
2619979
2619808
2619520
2619443
2619417
2619173
2619134
2618840
2618820
2618422
2617645
2617609
2617561
2617482
2617185
2617129
2616635
2616540
2616428
2615168
2614819
2614767
2614760
2614221
2614144
2613812
2613444
2613317
2613034
2612972
2612725
2612711
2612223
2612011
2611670
2611202
2611031
2610952
2610794
2610760
2609824
2609281
2609279
2609031
2608998
2608954
2608694
2608078
2607909
2607901
2607844
2607639
2607483
2607335
2607184
2606945
2606925
2606789
2606706
2606561
2606419
2606274
2606008
2605871
2605269
2604774
2604625
2604335
2604284
2603453
2603353
2603280
2603257
2603223
2603158
2603002
2602753
2602322
2602225
2602153
2602084
2601909
2601588
2601543
2601418
2601241
2601003
2600962
2600567
2600276
2599491
2599181
2599051
2598942
2598591
2598340
2598309
2598075
2597794
2597616
2596868
2596336
2596200
2596066
2595810
2595048
2594965
2594723
2594472
2594217
2594143
2593957
2593504
2593374
2592388
2592378
2592173
2591376
2591288
2591082
2591009
2590248
2590189
2590089
2589853
2589571
2589454
2589227
2588975
2588415
2588329
2588326
2588031
2587964
2587855
2587408
2587201
2587033
2586806
2586682
2586511
2586397
2586212
2585897
2585895
2585693
2585425
2585161
2584929
2584774
2584647
2584516
2584473
2584010
2583670
2583479
2583286
2582336
2582289
2581993
2581971
2579989
2579609
2579580
2579375
2579352
2579335
2579276
2578518
2577836
2577661
2576883
2576661
2575835
2575577
2575370
2574923
2574359
2573986
2573910
2573558
2572963
2572560
2571826
2571708
2571487
2571441
2571129
2570489
2570149
2570069
2569895
2569506
2569197
2569136
2568734
2568658
2568349
2568337
2567566
2567209
2567059
2566832
2566766
2566460
2565796
2565704
2565702
2565444
2565323
2565232
2565199
2564939
2564232
2564011
2563881
2563545
2563413
2563272
2563056
2562930
2562585
2561835
2561680
2561604
2561528
2560856
2560058
2560021
2559704
2559662
2558980
2558000
2557778
2557560
2557312
2557182
2557096
2556325
2555299
2555207
2555202
2555036
2554835
2554650
2554260
2553948
2553738
2553438
2552996
2552896
2552735
2552027
2552005
2551775
2551505
2551299
2550921
2550910
2550779
2550691
2550532
2550482
2549697
2549520
2549451
2549359
2548773
2548770
2548760
2548756
2548515
2547566
2547340
2547240
2547122
2546843
2546191
2545215
2545107
2544940
2544385
2544231
2543600
2542884
2542335
2542295
2541731
2541361
2541170
2540984
2540594
2540322
2539494
2539371
2538772
2538693
2538455
2538380
2538308
2538176
2538162
2538046
2536896
2536852
2536111
2535286
2535284
2535192
2534919
2534756
2534186
2534133
2533931
2533459
2533419
2533316
2533169
2532670
2532448
2532029
2531885
2531691
2531587
2530906
2530545
2530534
2530299
2529841
2529809
2529629
2529455
2528978
2528800
2528584
2528361
2528315
2527810
2527035
2526957
2526833
2526316
2526153
2526011
2525779
2525639
2524855
2524561
2524224
2523943
2523554
2523253
2523085
2522892
2522078
2521576
2521501
2521052
2519794
2519552
2519161
2518968
2518334
2518054
2517493
2517222
2516863
2516697
2515898
2515435
2515430
2515302
2515071
2514615
2513162
2512694
2512407
2512390
2512337
2512150
2511978
2511836
2511379
2511335
2511161
2511134
2511081
2510833
2510743
2510585
2510418
2509656
2509614
2509584
2509513
2508346
2508117
2507545
2507365
2507119
2507099
2507003
2506714
2506632
2505844
2505267
2504503
2504148
2504068
2503831
2503021
2503009
2502928
2502557
2502409
2501963
2501889
2501875
2501536
2500520
2500453
2500356
2500277
2499691
2498732
2497894
2497790
2497681
2497666
2497452
2496850
2496756
2496685
2496607
2495836
2495763
2495027
2494455
2494293
2494248
2494121
2493501
2493377
2493077
2492394
2492303
2492178
2491840
2491744
2491549
2491157
2491062
2490813
2490492
2490468
2490403
2490383
2490284
2489689
2489599
2489354
2488236
2487771
2487752
2487273
2487248
2487234
2486849
2486845
2486607
2486264
2486179
2485589
2485490
2485372
2485248
2485073
2484777
2484598
2484020
2484001
2483974
2483946
2483725
2483673
2483488
2483328
2482843
2482545
2482258
2481887
2481759
2481736
2481530
2480560
2480113
2479740
2479538
2479406
2479370
2478975
2478848
2478811
2478742
2478522
2478271
2477334
2477013
2476894
2476627
2476573
2475158
2474824
2474614
2474609
2474123
2474104
2473718
2473333
2471822
2470641
2470405
2470130
2470120
2468474
2468177
2467776
2467756
2467428
2467045
2466873
2466558
2466419
2466317
2465829
2465729
2464967
2463926
2463216
2463158
2462665
2462496
2462373
2462355
2462066
2461946
2461894
2461177
2460895
2460444
2460003
2459970
2459886
2459525
2459203
2459037
2458548
2458361
2457830
2457685
2457170
2456522
2456231
2455810
2455544
2455102
2454326
2454014
2453520
2453457
2452748
2452090
2451936
2451326
2451261
2450768
2450653
2450297
2450118
2449935
2449933
2449516
2449417
2449381
2449212
2448533
2448491
2448207
2448191
2447677
2447009
2446946
2446925
2446669
2446239
2445738
2445176
2445047
2444804
2444185
2443890
2443222
2443039
2442301
2442298
2442147
2442015
2441071
2441021
2440822
2440761
2440740
2440411
2440337
2440315
2439810
2439221
2437612
2437221
2436688
2436681
2435785
2435780
2435485
2435063
2434674
2434576
2434475
2434304
2434010
2434002
2433769
2433352
2433303
2433124
2432888
2432617
2431688
2430498
2430391
2430245
2429699
2429527
2429039
2428590
2428371
2428153
2428151
2427543
2427321
2426847
2426646
2426582
2426554
2426229
2426225
2425990
2425551
2425377
2425050
2424412
2423781
2422841
2422113
2421645
2421639
2421573
2421563
2421417
2420949
2419969
2419919
2419799
2419681
2419059
2418703
2418689
2418252
2417459
2417304
2417152
2416763
2416716
2416438
2416168
2416047
2415896
2415779
2415387
2415313
2415156
2415033
2414745
2414468
2414372
2413192
2412452
2412154
2412152
2412134
2411983
2411521
2411147
2411028
2410806
2410121
2410053
2409748
2409508
2408345
2408236
2407879
2407511
2407367
2407363
2407022
2406877
2406512
2406399
2406265
2406114
2406028
2405895
2405556
2405299
2404545
2404122
2403456
2403332
2403316
2402880
2402802
2401834
2401771
2401657
2401306
2401277
2401202
2401110
2400614
2400579
2400382
2400347
2399665
2399548
2399091
2398995
2398944
2398378
2397808
2396921
2396464
2396442
2396080
2395906
2395747
2395461
2395444
2395382
2395278
2395017
2394864
2394643
2394575
2394445
2394426
2394320
2394181
2393809
2393782
2393686
2393556
2393213
2393149
2392998
2392962
2392146
2391598
2391244
2391234
2390812
2390349
2390151
2390106
2390082
2389894
2389422
2387677
2386968
2386817
2386372
2386371
2386167
2385879
2385400
2385361
2385321
2383776
2383424
2382661
2382430
2381537
2381253
2381050
2380931
2380688
2379976
2379872
2379622
2379530
2379308
2379259
2378241
2378151
2377954
2377830
2377714
2376564
2376040
2375810
2375395
2375221
2375070
2375008
2374798
2374780
2374680
2374341
2374273
2373844
2373720
2373631
2373394
2373334
2373220
2373034
2373001
2372389
2372320
2371759
2371660
2370873
2370364
2370102
2369133
2369077
2368755
2368330
2367529
2367295
2366544
2366512
2366021
2365921
2365634
2365523
2365176
2365087
2364858
2364687
2364095
2364011
2363978
2363660
2363457
2363408
2362654
2362293
2361945
2361744
2361446
2361361
2360789
2360491
2359974
2359241
2359152
2359110
2358342
2358219
2357843
2357696
2357334
2357293
2356667
2356561
2356336
2356334
2356257
2356101
2355529
2355309
2354603
2353658
2353601
2353456
2353151
2352987
2352876
2352620
2351472
2351192
2350581
2350526
2349694
2348895
2348136
2347991
2347908
2347812
2347783
2347743
2347252
2347244
2346861
2346605
2346497
2346467
2346294
2346134
2346047
2345923
2345775
2345749
2345616
2345568
2345244
2344895
2344679
2344290
2344286
2343869
2343482
2343395
2343267
2343175
2343061
2342932
2342081
2342040
2341951
2341770
2341478
2341474
2340999
2340888
2340814
2340696
2340411
2340182
2340116
2340097
2339858
2339602
2339253
2339080
2339010
2338991
2338649
2338512
2338405
2337841
2337509
2336846
2336314
2336222
2336042
2335645
2335457
2334936
2334288
2333673
2333446
2333423
2333120
2333010
2332968
2332632
2331857
2331028
2330435
2330155
2329878
2328453
2328394
2327275
2327168
2326880
2326764
2326716
2326406
2326144
2326085
2325851
2325835
2325766
2325657
2324164
2323738
2323634
2323575
2323475
2322578
2322231
2321885
2321878
2321798
2320861
2320853
2320351
2320261
2319942
2319876
2319270
2318756
2318513
2318135
2317897
2317870
2317510
2317183
2316282
2315938
2315867
2315367
2314872
2314778
2314708
2313970
2313841
2313591
2312973
2312946
2312666
2312065
2311663
2311196
2311005
2310713
2310286
2309947
2309925
2309808
2309699
2309669
2309384
2309063
2308998
2307410
2307370
2307330
2307078
2306836
2306675
2306056
2305482
2305464
2305313
2304196
2303626
2303379
2303376
2303224
2303163
2302849
2302466
2302403
2302346
2302120
2301268
2301207
2300698
2300501
2300258
2300180
2299761
2299378
2299369
2298886
2298862
2298657
2298535
2298516
2297985
2297749
2297367
2297260
2297233
2296128
2295740
2295568
2295521
2295502
2294792
2294140
2293338
2293261
2293131
2293078
2293020
2292991
2292670
2292391
2291313
2291239
2291181
2291158
2290793
2290075
2289722
2289660
2289375
2289012
2288995
2288832
2288602
2287988
2286853
2286832
2286358
2286256
2285605
2285573
2285349
2285326
2285291
2284671
2284546
2284338
2284322
2284013
2283599
2283533
2282939
2282053
2281544
2281393
2280743
2280631
2279192
2278521
2278447
2278264
2278229
2277940
2277393
2277245
2277172
2277109
2277063
2276998
2276605
2276198
2276172
2276134
2275698
2274775
2274712
2274703
2274698
2273847
2273767
2272751
2272476
2272448
2272208
2272147
2272095
2271882
2271718
2271281
2271056
2270928
2270847
2270740
2270398
2270212
2269832
2269785
2269141
2269090
2269036
2268188
2268135
2267560
2267323
2267300
2266876
2266756
2266459
2266447
2266306
2266286
2266098
2265297
2265168
2264813
2264576
2264497
2264053
2264049
2263898
2263684
2263211
2262954
2262904
2261880
2261807
2261586
2261333
2261211
2261169
2260976
2260928
2260855
2260854
2260839
2260230
2260153
2259475
2259079
2258645
2258429
2258193
2258140
2257662
2257654
2256849
2256798
2256768
2256739
2256641
2255999
2255683
2255652
2255584
2255475
2255344
2255307
2255284
2254944
2254404
2254356
2254286
2254132
2253920
2253783
2253582
2252336
2252286
2252085
2251750
2251187
2251100
2250545
2249008
2249002
2248843
2248429
2248389
2248077
2247039
2246451
2246428
2245927
2245559
2245344
2244907
2244459
2244324
2244208
2244137
2244064
2242896
2242695
2242058
2241812
2241702
2241278
2241183
2240996
2240911
2240454
2240228
2239955
2239062
2238841
2238671
2238372
2238297
2237967
2237684
2237675
2236439
2236286
2236272
2236057
2235528
2235268
2235010
2235008
2234765
2234337
2234265
2234201
2233799
2233684
2233416
2233135
2233013
2233005
2232456
2232329
2231825
2231666
2231442
2230536
2230511
2230428
2230340
2230233
2229322
2229168
2229153
2228997
2228788
2227632
2227386
2227369
2226394
2225753
2225640
2225314
2225000
2224803
2223623
2223028
2222796
2222420
2222326
2222070
2221921
2221872
2221840
2221219
2220785
2220723
2220417
2220374
2219849
2219778
2219697
2219306
2219010
2218728
2218669
2218498
2217552
2217283
2216638
2216442
2216229
2215071
2214817
2214213
2213841
2213496
2212926
2212713
2212564
2211933
2211575
2211539
2211250
2211067
2211017
2210742
2210539
2210530
2209933
2209634
2209216
2209175
2208194
2207964
2207151
2207131
2207087
2206996
2206791
2206502
2206215
2206205
2205884
2205795
2205549
2205495
2205474
2204939
2204768
2204089
2202877
2202556
2202545
2202176
2202029
2201717
2201346
2201175
2201114
2200570
2200389
2199935
2198604
2198252
2197871
2197334
2197297
2197170
2196761
2196743
2196075
2195622
2194867
2194808
2194405
2194040
2193715
2193697
2193654
2193284
2193038
2192883
2192776
2192317
2192110
2191517
2191295
2191273
2190545
2190180
2189900
2189753
2189447
2189379
2189210
2188855
2188600
2188355
2188272
2187942
2187659
2187333
2187299
2187233
2186801
2186758
2186610
2186559
2185809
2185636
2185561
2185406
2185391
2183902
2183388
2182962
2182847
2182805
2182801
2181072
2180796
2180570
2180425
2180254
2180149
2179982
2179973
2179769
2179758
2179652
2179327
2179168
2179018
2179007
2178558
2177529
2177063
2176746
2176624
2176537
2176387
2176300
2176258
2175826
2175768
2175380
2175274
2175167
2175147
2174752
2174341
2174209
2174187
2174138
2173686
2173096
2172367
2171821
2170964
2170789
2170777
2170744
2170433
2170243
2170147
2169880
2169714
2169706
2169634
2169587
2169328
2169297
2169230
2169097
2169028
2168783
2168710
2168520
2168113
2168063
2167833
2167756
2167748
2167339
2167321
2167146
2166628
2166470
2165989
2165926
2165719
2165386
2164840
2163661
2163622
2163186
2162957
2162934
2162571
2162514
2162405
2161477
2161414
2161377
2161282
2161152
2160901
2160231
2160093
2159962
2159945
2159607
2159392
2159115
2159042
2158820
2158677
2158469
2158436
2158037
2157914
2157624
2156914
2156819
2156582
2155197
2154845
2154305
2153937
2153904
2153893
2153562
2153437
2153264
2153193
2153140
2153116
2152743
2152728
2152567
2152546
2152274
2152091
2151538
2151233
2150993
2150987
2150753
2150397
2150119
2149849
2149687
2149549
2149494
2148491
2148201
2148130
2148104
2148049
2147947
2147119
2146752
2146405
2146398
2146200
2145829
2145720
2145488
2145274
2144890
2144797
2144683
2144109
2144071
2143967
2143724
2143548
2142920
2142722
2142380
2142341
2142209
2141268
2141197
2140504
2140259
2140106
2140093
2139974
2139745
2139723
2139260
2139165
2139125
2139121
2138719
2138642
2138156
2137191
2137071
2136996
2134375
2134309
2134203
2133884
2132784
2132446
2131570
2131267
2130222
2129893
2129859
2128651
2128533
2128380
2127976
2127720
2127409
2127035
2127029
2126658
2126601
2126332
2126182
2125805
2125099
2124926
2124840
2124659
2123948
2123828
2123402
2123188
2123063
2123043
2122902
2122885
2122699
2122601
2122399
2122332
2122267
2121985
2121144
2121070
2121061
2120738
2120724
2120100
2119897
2119503
2119342
2118667
2118507
2118011
2117869
2117671
2117272
2116430
2115878
2115659
2114701
2114677
2114216
2114167
2113761
2113571
2112698
2112626
2112353
2112052
2111928
2110811
2110428
2110338
2109952
2109878
2109496
2108772
2108736
2108665
2108534
2107819
2107779
2107760
2107124
2106912
2106474
2106181
2105727
2105418
2105207
2105127
2105075
2104809
2104790
2104474
2104449
2104255
2102629
2102321
2102129
2098601
2097807
2097632
2097285
2096939
2096714
2096650
2096372
2096326
2096244
2096122
2096113
2095899
2095838
2094644
2094530
2094525
2094498
2094454
2094439
2094230
2093438
2093340
2093224
2092704
2092560
2092336
2092316
2092141
2091874
2091819
2091642
2091435
2091285
2090848
2090170
2089260
2089157
2088316
2087891
2087776
2087354
2087272
2086715
2086576
2086469
2086383
2086335
2086329
2085659
2085134
2084696
2083699
2083671
2083535
2083068
2082830
2082610
2082169
2081214
2081135
2081017
2080868
2080766
2080702
2080621
2080599
2080206
2079972
2079751
2079630
2079035
2078846
2078332
2078305
2077803
2077770
2077489
2076558
2076433
2076245
2075839
2075292
2075017
2074342
2073315
2073007
2073000
2072747
2072499
2072206
2072047
2071452
2071400
2071249
2071137
2069788
2068864
2068417
2068406
2068402
2068333
2068151
2067483
2067216
2067044
2066964
2066828
2066411
2066387
2065919
2064854
2064732
2064620
2064338
2064274
2063865
2063767
2063410
2063272
2063265
2063077
2062863
2062436
2062155
2061903
2061564
2061358
2060932
2059798
2059387
2057642
2057528
2057445
2056818
2056734
2056729
2056672
2056631
2056259
2055431
2055317
2055165
2054473
2054419
2054250
2054113
2053841
2053695
2053601
2053304
2052884
2052405
2052291
2052233
2051904
2051696
2051287
2050576
2050454
2050366
2050166
2050018
2049951
2049919
2049860
2049796
2049771
2049392
2049377
2049133
2049126
2049116
2049075
2048958
2048521
2048291
2048224
2048027
2047967
2047871
2047462
2047351
2046058
2045703
2045146
2044825
2044769
2044075
2044036
2043525
2043459
2043091
2042869
2042784
2042694
2042214
2042149
2042143
2041852
2041296
2041234
2040945
2040928
2040809
2040635
2040593
2040508
2040141
2040138
2040101
2040083
2038920
2038671
2038626
2038523
2038256
2037711
2037521
2037470
2035802
2035800
2035312
2035113
2034961
2034739
2034470
2034447
2034425
2033440
2033001
2032938
2031885
2031096
2030887
2030755
2030678
2030624
2030093
2030006
2029619
2029528
2029503
2028638
2028318
2027944
2027925
2027887
2027537
2027322
2026849
2026783
2026681
2026370
2026225
2026040
2025885
2024187
2023747
2022984
2022770
2022588
2022575
2021852
2021727
2021688
2021665
2021371
2021232
2020652
2020622
2020497
2020425
2020055
2019941
2019912
2019526
2019247
2019028
2018886
2018388
2018205
2018148
2018117
2017694
2016951
2016409
2015374
2015128
2014911
2014280
2014055
2013969
2013603
2013440
2012918
2012909
2012377
2011717
2010996
2010754
2010395
2010391
2009752
2009718
2009544
2009297
2008914
2008834
2008611
2008277
2008039
2007722
2007055
2006694
2006255
2005885
2005694
2004967
2004602
2003984
2003883
2003862
2003852
2003761
2003334
2001361
2001283
2001257
2000938
2000796
1999887
1999054
1998182
1997942
1996904
1996094
1995171
1993956
1993717
1993641
1993634
1993539
1993496
1993269
1993184
1993079
1992940
1992916
1992775
1992546
1991431
1991311
1991095
1990911
1990626
1990576
1990575
1990374
1990220
1990154
1990008
1989368
1988966
1988699
1987908
1987814
1987479
1987286
1987215
1986933
1986633
1986331
1986029
1985906
1985392
1985261
1985106
1984623
1984507
1984160
1983968
1983748
1983216
1982801
1982307
1982236
1982008
1981882
1981667
1981266
1981232
1981128
1980870
1980841
1980814
1980571
1980518
1979722
1979158
1979034
1978185
1978057
1978024
1977881
1977806
1977735
1977225
1976937
1976879
1976834
1975886
1975555
1975477
1974890
1974782
1974409
1974193
1974159
1973831
1973597
1973588
1973562
1973427
1973076
1972399
1972072
1972026
1972023
1971837
1971614
1971298
1971244
1971218
1970149
1969189
1969138
1969004
1968868
1968821
1968119
1968012
1967955
1967245
1967219
1966950
1966753
1966702
1966615
1966563
1966492
1966437
1966055
1965925
1965913
1965488
1965458
1965062
1964703
1964688
1964408
1964399
1964359
1964353
1964296
1964239
1964222
1964203
1964174
1964007
1962706
1962475
1962283
1962229
1962029
1961943
1961497
1961047
1960903
1960465
1960129
1959608
1959540
1959085
1958188
1958003
1957426
1957425
1956385
1955677
1955600
1954943
1954848
1954818
1954284
1953601
1952194
1951874
1951591
1951345
1951224
1950995
1950469
1949854
1949191
1949093
1948865
1948861
1948654
1948335
1948269
1948124
1948005
1947296
1946333
1946211
1946158
1945763
1945757
1945578
1945571
1945231
1944538
1944183
1943846
1943828
1943609
1942630
1942625
1942434
1941953
1941689
1941159
1941097
1941007
1940010
1939914
1939810
1939444
1939162
1938516
1938448
1938362
1937653
1936377
1935963
1935879
1935452
1935312
1935282
1935209
1934379
1933708
1933337
1933232
1933009
1932435
1932024
1931740
1931014
1930958
1929953
1929888
1929165
1929036
1928999
1928786
1928637
1928624
1927234
1927210
1927074
1926825
1926637
1926446
1926085
1925894
1925893
1925605
1925088
1924248
1924175
1923827
1923736
1923163
1922601
1922538
1922348
1921277
1920850
1920655
1920513
1920501
1919065
1918882
1918304
1918201
1918169
1918011
1917674
1917097
1916943
1916331
1916240
1915871
1915602
1915078
1914741
1914734
1914410
1914381
1914254
1914212
1913341
1913265
1912861
1912172
1912143
1912058
1911498
1911431
1911390
1910527
1909875
1908616
1908421
1908248
1908092
1907540
1907292
1907093
1907068
1907051
1906795
1906267
1906050
1905822
1905586
1904501
1904462
1903720
1903504
1903238
1902410
1902301
1902252
1902112
1901507
1901465
1901143
1900463
1899893
1899883
1899808
1899645
1899423
1899102
1898676
1898553
1898445
1898244
1897982
1897768
1897693
1897533
1897204
1896389
1896265
1896057
1895971
1895907
1895606
1895377
1895273
1894102
1893804
1893380
1893275
1893082
1892276
1892015
1891416
1891369
1891093
1891091
1890649
1890579
1890374
1890235
1889770
1889532
1889477
1889378
1889373
1889316
1889051
1888908
1888869
1888827
1888342
1887258
1887011
1886606
1886354
1886344
1886267
1885747
1885526
1885207
1885156
1885075
1884662
1884609
1884569
1884367
1884351
1884314
1883915
1883694
1883693
1883308
1883065
1883011
1882693
1882309
1881646
1881593
1881514
1881349
1881279
1881274
1880912
1880496
1880055
1879616
1878980
1878843
1878824
1878807
1878636
1878449
1878410
1878332
1878007
1877927
1877553
1877386
1876521
1875871
1875577
1875341
1874911
1874775
1874764
1874332
1874318
1873820
1873431
1873395
1872982
1872571
1872340
1871531
1871276
1871117
1871002
1870863
1870753
1869958
1869826
1869440
1869401
1868263
1867967
1867922
1867506
1866813
1866720
1866212
1866067
1865396
1865252
1864991
1864769
1863801
1863745
1863151
1862635
1862205
1862193
1861621
1861187
1860846
1860689
1860355
1860172
1860041
1859975
1859880
1859580
1859339
1859267
1859210
1859061
1858972
1858905
1858594
1857697
1856968
1856942
1856933
1856807
1856767
1856761
1856600
1856447
1856409
1856067
1855904
1855679
1855347
1854630
1854101
1853766
1852631
1852280
1852245
1851440
1851394
1851237
1850565
1850316
1849589
1849078
1849032
1848129
1847895
1847311
1846891
1846416
1845876
1845362
1845302
1844794
1844747
1844637
1844583
1844429
1843859
1843759
1843703
1843508
1843195
1842872
1842372
1842092
1841793
1841735
1841170
1841061
1840854
1840666
1840471
1840198
1840165
1840061
1839854
1839632
1839537
1838855
1838691
1838514
1837656
1837013
1836294
1835966
1835667
1835559
1835243
1834921
1833903
1833871
1833554
1832230
1832003
1831968
1831643
1831513
1831239
1831116
1830368
1829853
1829510
1829325
1829223
1829041
1828962
1828756
1828293
1828280
1828194
1827356
1827274
1826672
1825954
1824155
1823509
1823011
1822546
1822368
1822137
1821926
1821248
1820591
1820581
1820394
1820358
1820036
1819729
1819436
1819122
1818738
1818232
1818111
1817650
1817447
1816765
1816692
1816418
1816120
1815835
1815781
1815777
1814948
1814341
1814192
1813948
1813827
1813135
1812592
1812521
1812433
1812357
1812098
1811744
1811691
1811358
1810796
1810643
1810635
1810534
1810060
1809548
1809288
1809205
1808830
1808793
1808267
1808188
1807912
1807416
1807280
1807027
1806991
1806801
1806104
1805306
1805214
1804672
1804052
1803965
1803569
1802825
1802572
1802570
1801992
1801224
1801087
1800682
1800270
1799694
1798818
1798282
1798163
1797483
1797451
1797360
1797320
1796990
1796262
1796208
1795487
1795383
1795159
1795101
1794954
1794835
1794794
1794468
1794233
1794038
1793310
1793242
1793019
1792813
1792711
1792220
1791880
1791668
1791487
1791161
1790923
1790779
1790622
1790219
1789906
1789768
1789743
1789685
1789324
1789121
1789023
1787075
1786718
1786083
1785816
1784885
1784858
1784058
1782992
1782754
1782534
1781693
1781470
1781019
1780810
1780735
1780710
1780695
1780568
1780549
1780543
1780346
1780175
1780085
1779759
1779715
1779691
1779597
1779516
1779513
1779436
1778992
1778880
1778829
1778800
1778786
1778051
1777824
1777823
1777707
1777624
1777416
1777361
1776772
1776752
1776066
1775639
1775618
1775572
1775517
1775127
1774763
1774638
1774486
1774452
1773990
1773856
1773656
1773649
1773419
1773097
1772979
1772966
1772638
1772530
1771938
1771869
1771449
1771373
1770266
1769884
1769792
1769583
1769445
1768742
1767688
1767541
1766777
1766612
1766481
1766161
1765584
1765422
1765036
1764836
1764395
1764381
1763548
1763527
1763069
1762637
1762362
1761535
1761318
1761289
1761023
1760872
1760565
1760443
1760396
1760155
1760019
1759939
1759557
1759344
1759292
1759140
1758906
1758739
1758475
1758301
1758164
1756784
1756311
1756296
1756087
1755772
1755676
1755651
1755647
1755362
1755319
1755269
1754906
1754784
1754584
1754442
1754372
1754116
1753809
1753800
1753378
1753229
1753119
1753061
1752821
1752385
1752018
1751911
1751604
1751514
1751466
1751137
1750294
1750282
1749978
1749941
1749834
1749372
1749363
1749228
1748847
1748647
1748170
1748101
1747786
1747407
1747196
1747115
1747018
1746857
1746553
1746384
1746347
1745794
1745727
1745201
1744904
1744899
1744780
1744667
1744352
1744203
1744192
1744101
1744065
1743973
1743971
1743918
1743732
1743602
1743284
1742736
1742507
1742341
1742214
1742068
1740937
1740903
1740808
1740611
1740090
1740011
1739726
1739616
1739588
1739273
1738974
1738917
1738903
1738886
1738885
1738593
1738442
1738305
1737974
1737686
1737584
1737432
1737409
1736820
1736668
1736175
1736170
1736095
1735184
1734953
1734922
1734720
1734220
1733929
1733898
1733789
1733478
1733297
1732716
1732638
1731734
1731491
1731416
1731074
1731039
1730500
1730446
1730260
1729839
1729539
1729266
1729256
1728953
1728325
1728060
1727106
1726760
1726497
1726310
1725729
1725664
1725617
1725388
1725351
1725259
1725187
1725183
1725116
1724986
1724942
1724792
1724689
1724227
1723966
1723813
1723005
1722792
1722094
1721976
1720546
1720145
1719812
1719694
1719369
1718547
1717834
1717054
1716152
1715967
1715746
1715638
1715587
1714686
1714050
1713654
1713629
1712046
1711898
1710886
1709668
1709030
1709021
1708909
1708845
1708429
1708342
1708302
1708262
1708075
1707820
1707365
1707086
1706854
1706417
1706315
1706147
1706101
1706064
1705747
1705648
1704975
1704924
1704572
1703973
1703695
1703546
1703206
1703144
1703141
1703096
1702932
1701917
1701891
1701526
1701318
1701195
1701087
1700599
1700503
1700412
1699571
1699270
1698211
1698082
1697415
1697308
1697220
1697073
1696594
1695953
1695839
1695773
1695374
1695291
1695244
1695097
1694713
1694318
1694157
1693928
1693538
1692797
1692628
1691988
1691960
1691651
1691535
1691282
1690987
1690299
1689770
1688828
1688394
1687599
1687115
1685944
1685449
1685375
1685373
1685362
1685133
1684694
1684136
1683859
1683446
1683442
1683391
1683276
1683231
1682940
1682618
1682512
1681756
1681598
1680516
1679920
1679824
1679688
1679527
1679029
1678853
1677855
1677591
1677585
1677440
1677352
1677315
1677147
1677091
1676661
1676589
1675709
1675618
1674938
1674572
1674563
1674518
1674343
1674256
1674084
1673927
1673566
1673259
1672653
1671725
1670216
1670145
1669754
1669127
1668586
1668584
1668565
1668441
1668419
1668342
1667769
1667753
1667206
1666830
1666269
1666266
1666007
1665344
1665223
1665106
1664441
1664396
1664144
1664006
1663956
1663906
1663329
1663170
1663142
1662870
1661340
1661261
1661229
1661219
1661132
1660955
1660771
1660540
1660484
1659948
1659867
1659765
1659588
1659021
1658982
1658895
1658145
1656997
1656719
1656486
1655815
1655772
1655758
1655108
1655095
1654373
1653937
1653476
1652886
1652597
1652267
1651711
1651134
1651129
1651043
1650911
1650844
1650610
1650242
1650035
1649046
1649002
1648870
1648741
1648387
1647265
1647142
1647117
1646843
1646515
1646391
1646362
1645327
1644722
1644610
1644498
1644321
1644278
1644024
1643772
1643753
1643727
1643587
1643441
1643242
1643091
1642959
1642925
1642881
1642057
1641696
1641665
1641497
1640972
1640578
1640464
1639909
1639825
1639206
1639018
1638711
1638200
1637999
1637511
1637377
1637140
1637092
1636308
1636160
1635738
1635714
1635068
1634783
1633961
1633951
1633935
1633459
1633451
1632881
1632784
1632426
1632310
1630981
1630505
1630086
1629860
1628858
1628282
1627706
1627652
1626696
1626644
1626147
1626076
1625948
1625389
1624966
1624813
1624356
1624175
1624118
1623950
1623763
1623533
1623019
1622342
1621726
1621643
1621504
1621299
1621088
1620850
1620387
1619556
1619481
1619067
1618855
1618678
1618461
1618023
1617501
1616704
1614934
1614752
1614316
1614146
1613872
1613833
1613515
1613329
1613261
1613036
1613001
1612803
1612532
1612455
1612058
1611845
1611699
1611619
1611465
1611121
1611019
1610927
1609681
1609666
1609527
1609478
1609375
1608326
1608076
1607971
1607441
1607203
1606765
1606483
1606461
1606043
1605569
1605085
1605002
1604911
1604273
1604193
1604175
1603999
1603675
1603474
1603347
1602834
1602599
1602446
1602430
1602400
1602040
1601807
1601634
1601539
1601267
1601262
1600180
1599979
1599975
1599768
1599045
1598708
1598359
1598249
1598137
1598022
1597927
1597269
1596989
1596937
1595835
1595723
1595562
1595095
1594820
1593818
1593715
1593615
1593179
1592818
1592406
1592394
1592219
1591807
1591314
1591307
1591150
1591044
1590932
1590829
1590705
1590621
1590318
1589968
1589953
1589680
1588928
1588864
1588854
1588783
1588433
1588097
1587730
1587700
1587681
1587037
1586685
1586614
1585657
1585504
1585216
1585147
1585141
1584867
1584802
1584770
1584650
1583959
1583887
1583733
1583624
1583362
1583303
1583174
1583117
1582733
1582723
1582317
1582187
1582156
1581836
1581287
1580858
1579841
1579835
1579627
1579593
1579375
1579219
1578288
1578117
1578071
1577700
1577442
1577167
1576951
1576828
1576356
1576348
1575919
1575885
1575823
1575057
1574943
1574594
1574538
1574275
1574047
1573831
1572984
1572938
1572512
1572290
1572200
1571622
1571265
1571197
1570829
1570591
1570372
1570343
1570274
1570159
1570029
1569866
1569579
1569411
1568035
1567635
1566941
1566677
1566017
1566016
1565990
1565838
1565830
1565673
1565337
1565175
1565136
1564777
1564084
1564059
1564033
1563944
1563584
1563560
1562770
1562657
1562620
1562611
1562350
1562243
1561975
1561938
1561722
1560899
1560166
1559730
1559699
1559373
1559133
1559082
1558063
1558036
1557970
1557196
1556964
1556801
1556094
1555943
1555754
1555586
1554380
1554157
1554149
1553972
1553739
1553716
1553247
1553246
1553073
1552424
1551121
1550770
1550387
1549593
1548952
1548589
1547989
1547261
1547180
1547001
1546920
1546543
1546325
1546258
1546082
1546018
1545885
1545656
1545440
1545357
1545347
1544980
1544420
1543623
1543302
1542822
1542807
1542748
1542577
1542325
1541866
1541537
1541381
1541130
1541050
1540795
1540440
1540224
1540177
1539645
1539466
1539336
1539098
1538909
1538802
1538507
1538242
1538074
1537955
1537670
1537658
1537001
1536049
1535297
1534060
1534041
1533944
1533320
1532956
1532771
1532747
1532645
1532565
1532558
1532464
1532358
1532321
1531928
1531446
1530988
1530983
1530146
1529961
1529601
1528930
1528903
1528835
1528718
1528594
1527822
1527645
1526679
1526588
1526508
1526405
1526094
1525976
1525494
1525443
1525090
1525049
1524770
1524755
1524553
1524408
1524266
1524244
1524242
1524177
1524086
1524073
1523715
1523483
1523172
1522928
1522908
1522691
1522641
1522502
1522238
1522216
1521975
1521953
1521893
1521604
1521587
1521577
1520807
1520341
1520259
1520088
1519967
1519526
1519371
1519148
1519056
1518980
1518963
1518521
1518093
1517973
1517885
1517370
1517078
1517019
1517009
1516679
1516313
1516001
1515872
1515552
1515076
1514894
1514833
1514035
1513978
1513874
1513700
1513132
1513076
1512826
1512543
1512399
1512026
1511120
1510827
1510641
1510617
1510615
1510533
1510440
1509962
1509809
1509308
1509296
1509218
1509163
1508760
1508038
1507078
1506821
1506792
1506648
1506615
1505637
1505602
1505393
1505373
1504772
1504058
1503713
1503363
1502343
1502062
1501974
1501879
1501843
1501723
1500598
1500075
1499716
1499548
1499289
1499227
1498471
1498441
1498351
1497661
1497329
1497133
1497056
1496990
1496819
1496191
1495656
1495185
1494993
1494719
1494281
1494162
1494032
1493992
1493746
1493640
1492621
1492606
1491862
1491813
1491714
1491363
1491329
1490894
1490866
1489896
1489776
1489165
1488853
1488335
1487819
1487618
1487556
1487380
1486930
1486917
1486788
1486517
1486321
1486316
1485708
1485628
1485469
1485416
1485193
1485155
1484958
1484461
1484230
1484199
1483515
1483277
1481813
1481604
1481292
1480876
1480869
1480601
1479293
1478989
1478928
1478871
1477824
1477757
1477752
1477417
1477233
1477204
1477042
1476948
1476910
1476875
1476871
1476170
1476048
1475647
1475055
1474616
1473779
1473685
1473681
1473278
1473063
1472783
1472226
1472061
1471845
1470500
1470162
1470026
1469512
1469231
1467941
1467476
1467126
1466605
1466029
1466016
1465894
1465727
1465352
1465340
1465230
1465224
1465212
1465077
1465064
1464974
1464319
1463403
1463307
1462922
1462849
1462529
1462350
1462090
1461581
1461269
1460424
1460388
1460380
1460377
1459774
1459525
1458878
1458829
1458110
1457618
1456727
1456595
1456425
1455997
1455316
1454595
1454543
1454403
1453914
1452497
1452199
1451918
1451812
1451383
1451133
1450836
1450783
1450003
1449974
1449574
1448755
1448082
1447482
1447152
1446996
1446816
1446666
1446542
1446077
1446028
1445870
1445582
1445539
1445313
1444947
1444621
1444589
1444209
1444167
1443788
1443640
1443477
1442650
1442497
1442090
1442019
1441780
1441396
1441073
1441023
1440948
1440760
1440593
1440233
1440030
1439809
1439725
1439713
1439251
1438955
1438594
1438151
1437711
1437701
1437658
1437427
1437383
1437318
1437151
1436965
1436774
1436264
1436261
1436241
1435857
1435573
1435553
1434895
1434562
1434517
1433460
1433269
1433253
1433188
1432854
1431810
1431790
1431564
1431436
1431309
1431227
1430894
1430657
1430297
1429698
1429598
1429481
1428398
1427929
1427922
1427810
1427386
1427139
1426631
1426282
1425985
1425218
1424482
1424316
1424050
1423686
1423577
1423274
1422460
1422406
1422147
1421621
1421385
1421263
1420411
1420102
1419792
1419695
1419543
1419438
1419399
1419359
1419311
1418336
1417827
1417500
1417490
1417489
1417368
1417021
1416099
1416070
1415533
1415232
1415193
1414759
1414433
1414304
1414072
1413437
1412852
1412276
1411800
1411787
1411673
1411419
1411176
1411034
1410796
1410619
1409548
1409467
1408779
1408374
1408193
1408041
1407563
1407362
1407328
1407197
1407085
1406012
1405991
1405879
1405661
1405009
1404345
1404092
1403899
1403308
1402958
1402543
1402257
1401990
1401775
1401726
1401692
1401637
1401595
1401559
1400508
1400294
1400017
1399881
1399757
1398973
1398552
1398409
1397568
1397281
1397243
1397001
1396747
1396136
1395558
1395515
1395393
1395167
1394329
1393190
1393032
1392888
1392376
1392180
1391633
1391303
1391276
1391126
1390994
1390546
1389703
1389644
1389388
1389385
1389087
1388845
1388620
1388415
1388413
1388203
1388129
1387666
1387654
1387411
1387225
1386877
1386829
1386716
1386703
1386656
1386437
1386001
1385777
1385633
1385623
1385439
1384979
1383959
1383872
1383826
1383630
1382753
1382647
1382307
1381828
1381157
1380669
1379615
1378894
1378706
1378223
1377888
1377866
1377499
1377206
1377064
1376940
1376746
1376621
1376617
1375812
1375562
1375398
1374969
1374900
1374087
1373925
1373650
1372678
1372489
1372167
1371519
1371512
1371500
1371394
1370964
1370446
1369262
1368635
1368460
1368458
1368405
1368061
1367236
1366689
1366397
1365925
1365459
1364780
1364776
1364459
1364331
1364130
1364113
1364092
1363840
1363156
1363152
1362898
1362457
1361989
1361875
1361832
1361355
1361022
1360829
1360078
1359756
1359717
1359614
1359074
1358770
1357955
1357845
1357666
1357403
1357370
1357289
1357032
1356504
1356200
1356001
1355987
1355713
1355602
1354764
1354518
1354355
1353584
1353563
1353093
1353041
1352515
1352278
1352145
1351985
1351841
1351640
1351633
1351372
1351316
1351124
1351075
1350678
1350323
1350199
1349594
1349124
1349033
1348874
1348762
1348405
1347728
1347633
1347583
1347496
1346567
1346522
1346329
1346286
1345801
1345649
1345074
1344859
1344397
1343954
1343678
1343604
1343495
1342802
1342595
1342170
1340917
1339359
1339097
1338825
1338059
1337873
1337853
1337132
1337057
1336967
1336712
1336681
1336271
1335552
1335277
1334129
1333146
1333069
1332204
1332022
1331555
1331197
1331080
1330533
1330512
1330489
1329953
1329899
1329744
1329738
1329718
1329522
1329374
1329297
1329105
1328636
1328541
1328405
1328349
1328327
1328152
1328023
1327681
1327583
1327484
1326993
1326780
1326715
1326667
1326642
1326491
1326257
1325569
1324962
1324754
1324732
1324420
1324173
1324007
1323896
1323478
1321456
1321259
1320999
1320477
1320375
1319904
1319492
1319223
1318904
1318877
1318008
1317981
1317901
1317890
1317414
1317352
1315704
1315585
1315376
1315196
1315125
1314844
1314559
1314205
1314195
1313575
1313127
1312833
1312628
1312261
1312237
1311911
1311854
1311626
1311126
1310706
1309130
1308530
1307753
1307500
1307251
1306978
1306828
1306780
1306732
1306623
1306594
1306516
1306510
1306439
1306422
1306205
1306080
1305596
1305430
1305339
1305129
1305033
1304816
1304769
1304347
1303835
1303559
1303500
1303321
1303282
1302987
1302585
1301312
1301263
1301203
1300552
1300419
1300160
1299998
1299761
1299759
1299678
1299603
1299198
1299126
1298933
1298703
1298467
1298429
1298263
1298129
1298018
1297871
1297200
1297016
1296840
1295849
1295778
1295527
1295520
1294622
1293845
1293834
1293098
1292459
1292245
1292188
1292115
1292061
1291847
1291771
1291707
1291543
1291509
1290296
1290236
1289901
1289896
1289727
1289619
1289230
1288711
1288552
1288504
1288057
1287610
1287572
1287290
1286857
1286793
1286749
1286689
1286238
1286235
1286187
1286116
1286047
1285578
1285296
1285178
1285170
1284768
1284741
1284733
1284278
1284079
1283927
1283891
1283573
1283446
1282489
1282310
1281649
1281500
1280669
1280301
1280172
1279960
1279806
1279021
1278982
1278245
1278180
1277786
1277616
1277423
1277278
1277275
1276831
1276728
1275994
1275710
1275556
1275220
1275141
1275037
1274055
1274044
1273885
1273635
1273630
1273481
1273072
1273003
1272749
1272508
1272288
1271395
1271313
1271300
1270967
1270732
1270295
1270120
1270045
1269932
1269810
1269705
1269412
1269224
1269118
1268743
1268584
1268335
1267471
1267168
1266945
1266609
1266170
1266008
1265649
1265143
1264826
1264040
1263426
1263342
1263190
1263039
1262642
1262119
1261778
1261541
1260974
1260028
1259119
1259113
1257371
1257296
1257188
1256798
1256553
1256321
1256225
1255802
1255791
1255718
1255432
1255268
1255141
1254771
1254690
1253821
1252934
1252909
1252661
1252572
1252223
1252064
1251216
1250653
1250544
1249952
1249936
1249494
1249196
1249068
1247145
1247098
1246930
1246380
1246371
1246345
1246119
1245828
1245799
1245517
1245492
1245232
1245220
1244402
1243967
1243630
1243590
1243476
1243085
1241916
1241633
1241631
1241393
1241340
1241314
1240938
1240717
1240716
1240640
1239757
1238424
1238011
1237851
1237705
1237615
1237610
1237507
1237478
1237397
1236907
1236825
1236460
1236451
1236321
1236264
1236176
1235729
1235434
1235369
1235104
1234593
1234391
1234057
1233786
1233677
1233306
1233106
1232374
1232109
1232076
1231513
1230798
1230662
1230437
1230430
1230173
1230104
1229660
1228468
1228088
1227535
1227326
1227159
1225285
1225230
1225193
1225132
1224773
1224634
1224349
1223976
1223930
1223308
1223263
1223077
1222964
1222927
1222913
1222874
1221733
1221578
1221439
1221292
1221124
1220708
1220061
1218593
1218589
1218442
1218379
1218101
1217717
1217425
1216581
1216461
1216313
1216311
1216214
1215679
1215613
1215479
1215079
1214967
1214816
1213778
1213751
1213255
1212603
1212567
1211415
1211169
1211147
1210990
1210663
1210550
1210474
1210089
1210030
1209872
1209787
1209676
1209071
1209015
1208828
1208064
1207658
1207542
1207506
1206589
1206584
1205444
1205360
1205246
1205034
1204643
1204159
1203939
1203920
1203857
1202061
1201956
1201800
1201572
1201524
1201474
1201397
1200915
1200840
1200590
1200550
1200504
1199948
1199354
1199273
1199067
1199007
1198807
1197531
1197284
1197075
1196933
1196698
1196492
1196048
1195884
1195791
1195734
1193969
1193698
1193321
1193202
1193006
1192891
1192490
1192042
1191993
1191675
1191641
1191165
1190948
1190894
1190853
1190793
1190687
1190006
1189756
1189629
1189525
1189324
1189016
1188743
1188210
1187616
1186972
1186950
1186914
1186869
1186182
1186042
1185691
1185358
1184877
1184229
1183981
1183829
1183732
1182974
1182859
1182850
1182842
1182781
1182374
1182304
1182299
1181903
1181901
1180714
1180447
1180349
1179804
1179638
1179261
1178577
1177796
1177498
1177366
1177220
1177200
1177117
1176934
1176527
1176476
1175773
1175413
1175300
1174949
1174323
1173729
1173662
1173458
1173451
1173253
1173120
1172141
1170745
1169739
1169667
1169403
1169351
1169023
1168805
1168697
1168678
1168501
1168438
1168283
1168046
1167894
1167021
1166826
1166761
1166443
1165716
1165445
1165230
1165120
1165118
1165109
1165096
1165037
1164966
1164887
1164807
1164647
1164638
1164399
1163921
1163300
1163153
1162511
1162506
1162161
1162010
1161215
1160322
1160238
1160219
1159868
1159209
1159021
1158894
1158701
1158397
1157912
1157808
1157387
1157266
1157104
1157045
1156780
1156727
1155875
1155793
1154445
1154326
1153533
1152700
1152597
1152479
1152341
1152208
1152062
1151911
1151616
1151037
1150944
1150902
1150515
1150277
1150237
1150017
1149332
1149326
1149133
1148461
1148160
1148069
1147979
1147871
1147241
1146885
1146802
1146525
1146150
1145802
1145791
1144981
1144507
1144314
1143983
1143905
1143823
1143793
1143723
1142955
1142803
1142468
1142263
1141876
1141862
1140684
1140657
1140564
1140425
1140408
1140102
1139984
1139568
1139422
1139387
1139333
1139070
1139038
1138395
1138029
1137790
1136900
1136705
1136598
1136596
1136282
1135780
1135374
1135371
1134917
1134688
1134591
1134419
1134281
1133859
1133653
1133528
1133042
1133026
1132952
1132909
1132552
1132397
1132181
1132129
1131782
1131735
1130876
1130813
1130786
1130510
1130432
1130347
1130289
1130104
1129751
1129745
1129307
1129144
1128972
1128935
1128868
1128757
1128704
1128431
1128141
1128078
1127583
1127014
1126602
1126554
1125962
1125268
1125040
1125006
1124800
1124732
1124407
1124405
1124082
1123318
1123130
1123101
1122754
1122568
1122335
1122162
1121337
1121327
1120521
1119853
1119386
1118330
1118307
1118302
1118205
1117965
1117722
1117382
1117024
1116947
1116579
1116504
1116366
1116258
1116204
1115779
1115748
1115327
1114803
1114469
1114206
1114168
1113501
1113373
1113015
1112481
1112140
1111835
1111249
1110965
1110853
1110596
1110195
1109888
1109686
1109342
1108921
1108052
1107711
1107125
1106558
1106326
1106159
1105622
1105437
1105352
1104980
1104850
1104325
1104313
1103628
1103596
1103118
1102995
1102941
1102150
1102035
1101725
1101618
1101348
1101073
1100378
1100248
1100214
1100141
1099532
1099335
1099274
1098859
1098610
1098242
1098159
1097745
1097312
1096742
1096662
1096661
1096587
1096350
1096285
1096147
1095215
1094826
1094601
1093939
1093516
1092883
1092523
1092408
1092323
1091833
1091529
1091487
1091376
1091253
1091017
1090742
1090690
1090275
1089879
1089663
1089594
1088706
1088190
1087048
1086541
1086341
1086175
1086016
1085802
1085447
1085253
1085135
1084997
1084889
1084517
1084163
1084068
1084065
1083679
1083669
1083486
1082678
1082403
1082140
1081803
1081658
1081424
1081211
1081094
1080958
1080650
1080649
1080310
1080250
1080142
1079697
1079435
1079315
1078589
1077582
1077411
1077264
1076706
1076685
1076505
1076091
1074888
1074317
1074122
1074107
1074062
1073842
1073653
1073530
1073031
1072143
1071842
1071797
1070745
1070316
1070181
1069791
1069647
1069615
1069443
1069046
1068448
1068151
1067476
1067384
1067325
1066611
1065899
1065681
1065575
1065573
1065159
1065003
1065000
1064392
1064035
1063152
1063056
1062032
1061996
1061207
1061069
1060973
1060613
1060353
1059628
1059092
1058756
1058700
1058490
1058481
1058432
1058302
1058149
1057955
1057881
1057624
1057365
1056845
1056746
1056685
1056426
1055799
1055193
1055048
1054840
1054476
1054337
1053315
1053244
1053119
1053069
1052720
1052630
1052577
1052130
1051815
1051768
1051685
1051409
1051393
1051087
1051007
1050940
1050743
1050742
1050724
1050233
1049862
1049780
1049717
1049696
1049679
1049563
1049513
1047505
1047099
1046887
1046610
1046025
1045885
1045419
1045309
1044572
1044283
1043746
1043738
1043713
1043585
1043359
1043274
1042983
1042705
1042558
1042313
1042311
1042009
1041599
1041281
1040885
1040648
1040536
1040441
1040425
1040296
1040097
1038681
1038055
1037779
1037584
1037073
1036499
1036352
1036285
1036253
1035970
1035686
1035302
1035250
1035249
1035170
1034879
1034005
1033296
1032962
1032936
1032809
1032697
1032630
1031814
1031599
1030549
1029575
1028781
1028567
1028430
1027540
1027307
1027299
1027258
1027022
1026853
1026151
1025902
1025831
1025405
1025225
1024957
1024242
1024132
1023528
1023181
1023102
1023045
1022999
1021969
1021961
1021945
1021831
1021615
1021184
1020888
1020643
1020484
1020408
1019979
1019926
1019704
1019477
1018848
1018812
1018787
1017892
1017794
1017329
1017112
1016264
1015452
1015018
1015017
1014831
1014793
1014478
1014036
1013875
1012890
1012479
1012148
1011224
1010822
1010471
1010357
1010287
1009416
1008862
1007616
1006404
1006010
1005983
1005004
1004851
1004003
1003765
1003703
1003617
1003257
1003115
1003083
1002933
1002743
1002612
1002595
1002551
1002055
1001939
1001517
1001261
1001120
1000409
1000079
999821
999791
999714
999213
998755
998563
998188
997677
997253
997142
996876
996680
996396
995369
994608
993783
993621
993336
992708
992652
992611
992362
992217
991801
991648
991292
991169
990022
989899
989622
989528
989489
989362
989009
988942
988829
988779
988663
988662
988516
987397
987229
987006
986747
986731
986322
985767
985395
984920
984839
983917
983024
982549
982511
982289
981910
981590
981069
980469
980338
980153
979958
979773
979401
979378
979356
979260
978958
978884
978284
978028
977083
976937
976048
975943
975894
975884
975861
975789
975441
975363
974911
973743
973341
972307
972300
972255
972081
971505
971404
970656
970564
969922
969910
969308
969032
968803
968398
967216
966998
966919
966894
965867
965749
965602
965548
965127
965103
965073
964855
964700
964058
963679
963594
962566
961937
961356
960752
960513
960472
960432
960391
960146
959301
958587
958494
958331
957835
957582
957430
957309
957028
956932
956746
956431
956422
956224
956005
955621
955600
955366
955351
955323
954982
954443
954213
953980
953948
953294
953123
953038
953036
952365
952160
951997
951618
951404
951244
951231
951195
950960
950926
950493
950322
949793
949706
949410
948449
947653
947634
947045
947044
946738
946026
945881
945854
945684
945210
944876
944356
944335
944120
944012
943850
943727
943219
943045
942143
942006
941445
940729
940407
940243
940162
940021
939871
939090
938033
937663
937198
937098
936998
936978
936700
936472
935906
935544
935449
935197
934470
933886
933604
933319
933221
933170
932947
932174
931941
931933
931781
931479
931000
930964
930839
930617
930569
930332
929967
929525
929026
928872
928423
928386
928170
928085
927895
927521
927121
926715
925950
925535
925517
925489
925027
924024
923947
923463
923229
923144
922658
921345
920703
920419
920161
919833
919734
919098
918422
917915
917816
917683
917441
917226
916903
916673
916585
916289
916252
915905
915817
915320
915317
915217
914801
914301
914081
914059
913869
913830
913524
912655
912440
912345
912339
911955
911916
911693
911684
911651
911606
911590
911252
911162
911009
910660
910289
910135
910089
909716
909122
908927
908898
908739
908503
908482
908140
907646
907339
907233
906710
906222
906028
905189
904833
904804
904547
904219
903981
903897
903287
902825
902596
901806
901579
901330
900862
900734
900525
900453
900375
900234
899771
898730
898501
898377
897955
897673
897626
897409
896414
896370
896079
895428
895095
894105
894018
893954
893711
893607
893435
893386
892920
892573
892411
892197
892120
891930
891724
890954
890793
890421
890191
889986
889787
888843
888742
888727
888658
887881
887791
887476
887442
887440
887073
887059
886662
886160
885401
884749
884041
883995
883954
883254
882353
882042
882002
881915
881870
881646
880460
880272
879962
878941
878853
878733
878712
878477
877778
876807
876756
876591
876504
876502
875967
875554
875536
875413
875161
874503
873580
873540
873271
872788
872392
871799
871326
871221
870835
870512
870375
869956
869388
869156
868945
868585
868368
868345
867982
867067
866959
866692
866056
866055
865500
865223
865101
864923
864650
864297
863586
863470
863346
863143
862935
862882
862644
862626
862580
862063
861396
861203
861004
860936
860629
860591
860420
859199
858976
858918
858829
858582
858349
857227
857020
857016
856332
856258
855539
855504
855433
854931
853991
853836
853684
853078
852877
852782
852667
852631
852612
852381
852007
851929
851311
851299
851159
850714
850474
850009
849747
849696
849326
849299
849223
848246
848218
848111
848064
847938
847862
847334
847094
847047
846585
846498
845424
845390
844927
844731
844028
844018
843492
843347
842640
842305
841739
841714
841535
841452
841355
840944
840530
840226
840183
839898
839354
838808
838585
838490
838243
837926
837417
837048
837017
836876
836640
836506
836091
835969
835828
835570
834848
834773
834728
834549
834110
834020
833652
833535
833332
833194
833173
833129
832554
832538
831122
831045
830981
830659
830632
830481
830322
830300
829942
829620
829187
829181
828494
828132
827811
827307
827108
827083
827053
826397
826295
826146
825389
825314
824985
824965
824885
824715
824433
824399
824337
824241
824032
822885
822696
822673
822220
821980
821626
821344
821181
820799
819991
819776
819508
819482
819371
819248
818986
818415
818208
818108
818105
817682
815980
815810
815741
815328
814365
814112
814038
813842
813834
813761
813544
813309
812961
812894
812872
812716
812714
812553
812430
811776
811302
811117
810849
810842
809705
809452
808593
808338
808236
807798
807683
807529
807345
806555
806231
805649
804800
804655
804259
803761
802734
802261
801986
801766
801393
800318
800243
800196
799831
799568
799402
799286
799213
799030
798862
798633
798468
798354
798190
797770
797569
797363
797185
797119
797103
796828
796625
796130
795621
795517
795313
795263
794817
794504
794063
794020
793574
793344
793189
793030
792561
791911
791771
791537
791504
791415
791021
790616
790348
790321
790225
790097
790048
789982
789711
789663
789487
789171
788855
788639
787076
786713
786657
786643
786474
786279
786154
786136
785664
785312
784998
784912
784788
784558
784454
784134
784116
784033
783923
783677
783410
783271
783153
781747
781372
781156
781143
780698
780564
780028
779909
779059
778773
777815
777744
777616
777615
777567
776584
776404
776336
776321
776206
775584
774684
774455
774283
774026
773512
773390
773199
772247
771927
771826
771677
771058
770711
770426
770162
769814
769556
769485
768619
768565
768384
767925
767634
766374
766057
765697
765625
765430
765390
765348
765220
765022
764963
764321
764241
764234
763492
763148
762791
762758
762385
762365
762207
762132
761520
761210
761195
760891
760732
760626
760569
760389
759881
759783
759444
759153
758733
757578
756968
756783
755943
755687
755662
755078
754777
754752
754707
754528
753969
753912
753578
753369
752620
752472
752259
751996
751975
751678
751139
751077
750263
750117
749416
749412
749384
749192
748806
748763
748653
748530
748351
748234
748121
747932
747727
747306
747239
746909
746645
746639
746221
746050
744794
744789
744048
743287
743125
743044
742886
742704
742636
742161
742156
741910
741362
740851
740680
740587
740014
739977
739885
739881
739747
739674
739642
738676
738340
738016
737835
737674
737480
737061
736959
736922
736573
736281
736186
735298
735022
734695
733249
732815
732509
732115
731990
731891
731408
731367
731008
730288
729501
729434
729243
728978
728646
727988
727986
727557
725695
725683
725575
725525
725393
724478
723441
722265
722239
721898
721814
721489
721167
721139
720674
720469
720384
720008
719704
719376
719104
719085
718448
717779
717489
716853
716099
715830
715515
715195
715108
714659
713704
713666
713566
712778
712322
711953
710973
710475
709820
709607
709089
707987
707952
707946
707917
707718
707555
707297
706717
706575
706047
705938
704949
704894
704829
704309
704229
704039
703791
703385
703167
702055
701944
701853
700680
700604
700282
699926
699866
699758
699060
698758
698211
698126
697687
697629
697628
697578
697413
697347
697003
696547
696099
695927
695891
695169
695121
694726
694282
693967
693457
693407
693233
692708
692074
691565
691541
691521
691465
691149
690986
690509
690494
690321
690285
689756
689708
689373
688726
688575
688263
688114
687734
687637
687479
687003
686532
686174
685993
685870
685620
685427
685379
685243
685036
684690
682945
682788
682672
682557
682554
682411
681924
681387
680378
679570
679538
679012
679010
678953
678802
678049
678036
677646
677626
677581
677104
676896
676584
676005
675857
675734
675025
674956
674801
674592
673888
673691
673314
673125
672695
672299
672198
671441
671096
670985
670685
669719
669685
669164
669106
668817
668679
668542
668219
667913
667871
667561
667554
667432
667397
666679
666667
666666
666368
666247
666044
665854
665666
665387
665337
665041
664684
663915
663757
663564
663430
663329
663246
663092
663019
662775
662407
662325
662304
661956
661910
661815
661812
661224
661194
661046
660780
660653
660194
659489
659144
659098
659033
658606
658492
657922
657745
657744
657710
657504
657462
656815
656375
655467
655387
654822
654797
654273
653999
653535
653323
652985
652827
652809
651737
651274
651148
651019
650936
650694
650691
649719
649567
649371
648234
647875
647769
647733
647668
647346
647068
646802
646515
646477
646416
646104
646067
645731
645711
645440
645423
645151
644993
644896
644834
644799
644547
644487
643873
643151
642515
642163
641882
641320
640913
640893
640746
640494
640054
639919
638852
637688
637138
637054
636916
636046
635904
635844
635799
635081
634078
633849
633288
633073
632816
632728
632381
632030
631792
631015
630711
630567
630257
629310
629265
629050
628941
628832
628722
628696
628458
627638
627551
627503
627439
626847
626316
626011
625844
625513
625031
624464
624371
623939
623869
623487
623462
622974
622914
622780
622595
622527
622226
621857
621720
621612
621415
620969
620799
620729
620466
620102
619866
619820
619785
619498
619016
618560
618520
618274
618250
617956
617085
616879
616695
616447
616421
615816
615649
615278
615137
614828
614234
614125
614031
613989
613881
613591
613501
612763
612111
611962
611830
611770
611756
610870
610836
610663
610585
609971
607917
607722
607080
607071
607013
606164
605574
605486
604979
604569
604537
603395
603034
602928
602802
602606
602535
602408
602104
601971
601824
601629
601386
600699
600684
600631
600351
599948
599599
599502
599368
598693
598480
598362
598339
597931
597576
597464
596663
596060
595927
595696
595338
595132
594917
594123
593790
592723
592448
591399
590830
590571
589913
589497
589334
588990
588569
588045
587863
587250
587049
586691
586566
586370
585502
585437
584755
584173
583840
583407
583251
582349
582157
581884
581841
581114
580905
580477
580362
580138
579464
579359
579309
578992
578979
578477
578395
578336
578247
578246
578164
578018
577648
577616
577553
577436
577202
576504
576468
576290
576241
575597
575462
575334
575119
574014
573864
573681
573081
572932
572826
572762
572730
572095
571977
571806
571649
571402
571064
570895
570877
570792
570645
570429
570424
570169
569885
569591
569331
568876
568754
568238
568128
567619
567563
567154
567000
566597
566573
566388
566307
566207
565975
565920
565875
565363
564893
564399
564381
563938
563160
562941
562075
561574
561377
561258
561253
561097
560887
560556
560347
559970
559928
559643
559466
559456
559336
559291
558542
557375
557018
555233
554791
554603
554588
554437
553979
553474
552889
551919
551810
551530
551409
551127
551098
550176
549853
549312
548194
548164
547639
547590
547540
547266
547026
546951
546695
546589
546363
546269
546203
546133
545707
544672
544373
544122
543782
543733
543625
543221
542794
542689
542412
542409
542364
542361
541909
541900
541563
541112
540933
540551
540124
539677
539152
539011
538614
538534
538518
538148
537881
537833
537713
537045
536938
536554
536230
535390
535374
535299
534676
534465
534132
533928
533609
533430
532499
532335
532253
532020
531954
531936
530921
530774
530607
530563
530169
529901
529839
529541
528844
528592
528566
528399
528291
528000
527861
527558
527520
527116
526990
526982
526779
526727
526614
526573
526175
525455
525080
524978
524673
524635
524616
524603
524512
524502
524498
524425
523985
523788
523581
523485
523199
521452
521002
520146
519720
519532
519294
519131
518619
518506
517878
517545
517185
516977
516140
516118
515657
515290
515282
515257
515238
514667
514082
514074
513225
513213
513055
512779
512761
511677
511562
511407
511200
510865
510753
510657
510331
509937
509233
509156
508481
508005
506795
506722
506313
505793
505712
505689
505539
505385
505240
505074
504806
504581
504438
504419
503979
503887
503521
503433
503240
502690
501988
501371
501020
500454
500193
500187
499690
499564
499561
499107
498931
497824
497798
497216
497121
497056
496775
496694
496606
496553
496091
495589
495535
494936
494613
494390
493446
493198
493076
492459
492357
491945
491186
491106
490849
490176
489459
489067
489040
488990
487949
487883
487813
487717
487689
487143
486713
486680
486385
486071
485788
485468
485349
484583
484152
484145
483625
483134
482981
482752
482608
482529
482191
482048
481458
481223
481014
479101
477580
477326
477202
476104
475558
475292
475233
474673
474501
474351
473988
473794
473312
472972
472919
472714
471091
470969
470675
470457
470050
469955
469465
468654
468580
468062
467995
467722
467348
467345
466624
465922
465403
465148
465062
464967
464913
464553
464419
464266
464110
464100
462808
462475
462308
462070
461892
461371
461333
461146
461055
460915
460447
460425
459735
458955
458244
457832
457430
456755
456605
456488
456483
456342
456229
455896
455841
455325
454791
453219
453195
453194
453100
452993
452657
452209
451902
451491
451404
451214
450820
450556
449129
448942
448440
448229
448170
448132
448092
448017
447750
447684
447537
447128
446953
446683
445891
444903
444860
444769
444334
444236
444119
444078
443938
443825
443414
443390
443200
442774
442244
441701
441658
441527
441178
440869
440596
440307
440250
440129
439572
439359
438355
438082
437984
437311
437194
436231
435867
435435
435294
434861
434412
434203
433476
433433
433329
432874
432704
432646
432234
432128
431961
431934
431869
431730
431059
430936
430508
429545
428820
428718
428520
427985
427915
427909
427866
427622
427583
426862
426787
426688
426652
426649
426624
426527
426112
425847
425771
425387
424888
424730
424148
423889
423535
423160
422335
422278
422259
421414
421400
421265
421205
421138
421014
420704
419003
418698
418337
418335
418168
417878
417774
417609
417608
417512
417393
417321
417258
417073
417070
416966
416821
416614
415873
415639
415512
415284
415151
414586
414442
414020
413383
413165
413006
412795
412791
412428
411707
411602
411476
411173
410854
410395
410218
410124
410056
409474
409372
408979
408123
407887
407814
407708
406467
405901
405333
405212
405146
404528
403701
403621
403163
402826
402609
402563
402484
402254
402140
401985
401147
399478
399009
398970
398968
398875
398815
398622
397877
397865
397399
397315
396679
396386
396154
396137
395952
395829
395279
395160
395036
394836
393901
393553
392905
392534
391786
391654
391218
391189
390731
390352
389844
389716
389595
389448
388699
388581
388204
387903
387761
387081
386829
386361
385829
385698
385486
385483
384354
384166
383730
383672
383598
383259
383135
382269
381961
381596
381485
381379
380788
380558
380360
380345
379421
378795
378589
378574
378239
378013
377923
377916
377287
376805
375511
374977
374739
374535
374053
373676
373237
373190
373061
372503
372425
371996
371770
370903
368664
368535
368463
367910
367543
367460
367269
367076
366888
366530
366423
364484
363741
362988
362805
362455
362067
362015
361890
361821
361767
361110
360755
360718
360510
360271
360003
359577
359455
358587
358384
357356
356884
355482
355144
355083
354994
354971
354868
354753
354584
353513
353416
353355
353048
352954
352923
352649
352547
352493
352218
351880
351848
351720
351526
350810
350727
349897
349779
349616
349320
349027
348846
348197
348127
347761
347634
347340
346448
346136
345879
345764
345304
344853
344338
344083
343564
342983
342950
342745
341960
341837
341519
341429
341283
340737
340383
340000
339549
339518
339253
338839
338614
338452
338409
338171
337707
337519
336860
336294
336287
335942
335885
335651
335523
335471
335430
335123
334928
334863
334858
334854
334486
334224
333952
333688
333682
333220
332612
332179
331806
330559
330380
330230
329873
329637
329117
328869
328611
328551
327961
327594
327335
327095
327025
326188
326116
326095
326002
325945
324817
324520
323445
322408
322318
322161
322034
321531
321384
320089
320034
320031
319908
319250
319211
318963
318759
318629
318276
317442
317168
317146
316471
316376
316345
316036
315657
315618
315304
315249
315135
315008
314575
314462
313952
313707
313674
313584
313540
312826
312445
311457
310682
310603
310427
310382
310250
309487
309293
309103
308510
308502
308019
307747
307685
307571
307260
307100
307030
306954
306769
306680
306294
305815
305529
305350
305296
305211
304976
304283
304080
303791
303708
303467
303269
303196
303112
302436
301688
300851
300774
300315
300034
299838
299553
299503
299347
299053
297896
297618
297370
296924
296768
296766
296402
294888
294362
294249
293993
293894
293630
293571
293029
292780
292358
291970
290710
290675
290604
290318
289295
289253
289107
287883
287633
287625
287574
287266
286985
286978
286968
286648
286274
285404
285248
284959
284280
283972
283846
281709
280920
280477
280180
279787
279286
278964
278182
277721
277581
277031
276647
276485
275968
275802
275612
275342
275225
275190
274783
274354
274140
272584
271924
271556
271316
271246
270959
270891
270844
270332
269602
269104
268679
268542
267913
267815
267279
267208
266443
266255
265598
264770
264742
264449
264430
264279
264194
264159
263573
263504
263399
263360
263151
262891
261919
261475
261357
261230
261025
260994
260409
260296
260025
259844
259605
259591
258804
257651
257415
257414
256905
256521
256089
255891
255760
255215
254632
254575
254568
253917
253563
253269
253195
253044
252720
252095
251865
251600
251540
250380
249429
249368
248801
248696
248525
248383
248270
248248
248237
247565
247263
246834
246477
246445
246438
246245
245565
245515
245058
244604
244567
244304
244209
243680
243582
243495
243085
242630
242138
241800
241703
240635
240603
240409
240331
239949
239753
239663
239519
239450
238739
238308
238176
237382
237352
236883
236828
236042
235751
235428
235306
235113
235020
234871
234839
234733
234598
234430
234340
234218
234092
233833
233490
233187
232879
232843
232663
232606
232406
232368
232098
231923
231712
231516
231453
231225
231173
230920
230790
230706
230625
230569
230342
230270
230046
229969
229322
229208
228855
228779
228240
227802
226198
226116
225986
225877
225634
225398
224204
224123
223948
223911
223734
223318
223245
222952
222349
222112
221918
221497
221380
220371
219992
219881
219135
218913
218833
218627
218490
218331
218148
217648
216993
216988
216824
216349
216344
215321
215181
214904
214140
213837
213745
213667
213077
213023
212490
211934
210832
210488
209711
209052
208927
208263
207307
206880
206673
206571
206450
206417
206400
206253
205589
205098
204969
204639
204520
204245
203891
203758
203753
203628
203003
202641
202227
202066
201480
201392
200431
199786
199491
199303
199199
198968
198733
198468
197612
196934
196672
195431
195019
194958
194898
194709
194611
194607
194405
193872
193625
193518
193367
193346
193221
193144
192865
192433
192318
192223
192106
191690
191201
190941
190885
190803
190713
190160
190006
189874
189154
189012
188711
188432
188425
188340
188284
187673
187247
187047
186440
186374
186148
185874
185073
184162
183473
183257
182987
182966
182035
181782
181239
180955
180781
180738
180361
179942
179407
179356
179082
178690
178548
178409
178237
178185
177953
177829
177665
177201
177065
176835
176623
176602
176120
175584
175153
175043
174294
174223
174116
173850
173553
173318
171956
171839
171738
171626
171604
170989
170894
170190
170134
170106
169064
168998
168411
167620
167479
166995
166709
166043
165184
164739
164620
164619
164370
164281
164023
163699
163292
162998
162852
162203
162081
161969
161898
161054
160649
160535
160430
160212
159932
159302
157341
157282
156627
156447
156259
156147
155997
155812
154862
154651
154078
153827
153818
153330
152470
152414
152123
151603
151538
151373
151292
151023
151002
150850
150669
150587
150405
149928
149254
148780
148714
148012
147820
147699
147176
146969
146377
145519
145479
145083
145035
144637
144414
144391
143854
143751
143580
143343
142737
142373
142280
142129
142060
141510
141305
140636
140501
140085
139467
138991
138868
138697
138599
138516
138476
138185
137372
137361
137227
137165
137132
136624
136187
135855
135182
134324
134322
134306
134080
133558
133510
133427
132635
132369
132152
132077
132021
131979
131706
131495
130596
130491
130337
130295
130229
129640
129635
129056
129020
128882
128838
128509
128393
128144
127953
127911
127406
127240
127173
127137
126588
126406
126053
125954
125916
125653
125379
125243
125143
124643
124525
124519
123914
123734
123324
123266
123084
122522
122051
121769
121711
121067
121033
120176
120160
120029
119854
119675
119502
119175
119149
119028
118949
118550
117671
117643
117599
117461
117103
117098
115998
115980
115940
115808
115301
115001
114778
114643
114440
114414
113906
113388
113346
113270
112819
112113
112048
111870
111065
110903
110185
110160
109763
109650
109630
109537
109351
109039
109012
108898
108744
108420
108070
108005
107854
107386
106864
106851
106522
105953
105888
105489
105183
104926
104747
104183
104170
103772
102723
102176
101728
101529
101516
101463
101135
101045
100982
100932
100917
100745
99918
99894
98200
97971
97820
97757
97096
96033
95470
95259
95165
95139
95105
94997
94678
94390
94137
94114
93910
93469
93306
92913
92881
92541
91834
91348
90847
90576
90514
90305
89756
89328
88871
88632
88589
88078
87803
87445
87231
86711
86289
85790
85272
85104
84659
83572
83454
83252
83094
82850
82551
81651
81279
80980
80768
80705
80596
80220
80201
80187
79968
79569
79263
79178
78789
78052
77914
77815
77679
77529
77481
77255
77214
76998
76739
76646
75970
75869
75847
75636
75436
75139
75089
74832
74528
74326
73973
72747
72315
72290
72105
71617
71143
71081
71011
70711
70704
70272
70128
69993
69316
69230
69185
68826
68809
67954
67162
67125
66773
65939
65707
65489
65330
65229
64940
64845
64605
64565
64496
64467
64380
64352
63858
63746
63642
63032
63009
62793
62246
62207
61699
61691
61132
60870
60803
60521
60513
59460
58996
58516
58509
58379
58157
57912
57745
57564
57551
56947
56187
55910
55871
55793
55185
55155
55030
55008
54853
54625
54366
54300
53421
53299
53109
52681
52679
52402
52331
52292
52236
51688
51162
51128
50048
49978
49819
49511
49407
49346
49100
49006
48969
48496
48422
48180
46764
45723
45500
45433
45171
45079
44994
44123
43882
43499
42805
41882
41624
41583
41525
41310
41042
40592
40234
40232
39575
39297
39182
38895
38493
38395
38384
37876
37596
37178
36582
36398
35314
35273
35066
34809
34650
33953
33622
33340
32295
31520
31137
30705
30667
30486
30087
29881
29816
29547
29457
28662
28149
27929
27588
26880
26416
26241
26072
26056
26045
26043
25831
25760
24907
24778
24761
24562
24328
24071
24058
23797
23525
23267
23174
23064
23017
22997
21810
21568
21529
21402
21260
21061
20897
20579
20575
20453
20214
20141
19560
19442
19422
18696
18595
18438
18267
18201
18080
17848
17603
17194
16544
15795
15651
15219
14751
14516
14484
14190
14114
13592
13589
13316
13118
13062
13007
12712
12464
12391
11492
11448
9864
9735
9507
9286
9219
8983
8441
8271
8177
7661
7497
7220
6988
6601
6338
6241
6192
6052
6001
5159
4490
3852
3609
2982
2915
2857
1681
1620
1617
1548
1505
1349
941
516
436
227
