1346096
35527
1597916
1919051
135812
768853
768853
1446599
461603
768853
874603
2934650
712824
677897
768853
229387
650413
768853
280567
2789464
1200443
768853
1370052
1094573
1386158
2312685
768853
2428124
768853
768853
2743941
768853
2594758
768853
768853
2715360
768853
768853
768853
1490305
2452605
851204
2145014
1190324
768853
768853
768853
2995102
768853
768853
2057421
110549
2644055
768853
768853
564528
768853
1417859
768853
1016467
768853
1199189
768853
768853
26612
768853
261520
768853
1726248
1237227
768853
768853
768853
768853
1755251
251235
768853
1471333
843816
43079
768853
1936208
846789
2484756
2933012
768853
768853
768853
200837
1379302
1890508
2556658
768853
707712
768853
1130916
387609
1601209
154097
1822142
