581496
2270366
2115791
2928214
2184075
1551204
1257318
2377588
786641
692378
2170255
2007548
1408967
1862897
142735
2420601
2353721
1892919
322829
1790986
2598132
1185862
48369
302136
2172936
1069452
607045
403796
1658112
2205497
898674
2738482
2930293
1932981
1790457
974264
1732073
2898639
269009
603942
397121
545477
2135945
953269
839002
2759311
257057
2992118
2470068
2192892
794408
514195
803684
1228646
1291928
2733143
2350007
1426702
670690
1471342
2372039
2175923
1145099
1993925
1630113
1339876
2229627
1032038
328117
2515006
1069944
2779008
2915645
2961536
1478549
2773644
2044309
1039893
2322932
1904079
1773765
751398
1239434
524094
1601834
1800594
1683800
1861490
1833756
918522
1506000
690558
649685
2713660
2233104
1232950
268023
1333304
2096965
353989
