2983127
2924506
2914415
2906054
2890286
2848499
2834997
2675875
2605381
2492285
2435595
2391288
2378025
2369414
2357117
2355750
2355736
2313899
2266059
2264317
2209276
2207359
2182048
2169388
2161320
2150652
2137342
2104566
2047724
1948090
1871005
1846372
1828340
1828198
1792364
1777293
1757108
1744190
1718214
1663972
1644027
1624657
1598875
1593137
1586661
1570252
1560296
1502186
1461854
1433983
1365692
1357966
1346337
1331052
1272041
1271040
1228659
1221649
1215214
1183668
1167967
1155384
1152772
1128258
1128055
939244
938686
936668
862229
851281
800373
749835
679849
665077
639609
628397
620563
584984
582869
558982
553788
549671
544219
509938
507925
453660
441654
439086
397867
392516
355451
339188
289409
274513
212166
210553
171391
161457
116565
1455
