683359
2021537
1329685
2758792
2213674
1733057
1681835
1866806
1752356
590548
1752356
1525948
1752356
1523127
2800871
1752356
1021938
1752356
1752356
2519993
1752356
1752356
633384
2859353
1752356
1752356
1924846
636369
1170906
445240
2661357
2573982
1110179
2429667
2385862
1638024
1740527
730773
826725
1752356
2140729
810276
1546666
2067822
1222041
1289047
2895252
1649251
2933226
2139719
2644029
2669209
1750535
833962
931782
2153075
2783945
2311468
1752356
1752356
75638
1691394
2448308
1481296
13125
2698565
1752356
2239393
346826
2151204
1865151
2354584
1526524
2004214
2815168
1716124
987772
1454809
1752356
1214954
349880
1752356
449502
278712
557168
1338739
1509221
892808
1752356
1752356
1543982
1935874
2676850
2756801
608749
2951048
2416128
2259284
419892
1048803
1290650
426094
734463
2103541
582283
1201301
1798427
1752356
1205481
2392213
1963738
2018805
771922
1752356
2967050
1246535
1752356
2219370
881894
1752356
2272320
250002
101216
231639
2904870
104329
1752356
2145459
2596461
2203513
315526
1557784
2485235
2614834
1752356
1752356
1752356
1346491
2185630
1267749
1620596
1752356
995286
965091
2066360
485404
678803
1752356
182067
1752356
197376
1752356
1752356
1362921
1716262
1935775
417068
110865
680971
1752356
1752356
44645
1440981
2060080
720524
1813614
2731634
1598322
1752356
894811
1752356
1696066
696036
302142
1752356
1511009
1440057
1554612
2438749
1752356
1752356
1936716
949366
1752356
1044401
1683480
2352735
1902734
2771405
1752356
418030
698263
2064298
1752356
1829057
308859
171228
567850
741504
1752356
1752356
1229062
10099
1465891
1399229
896239
2021070
959335
1722347
2804972
1182676
2585246
853642
1752356
1752356
1752356
413032
2253747
2256467
1752356
1997780
1028345
620531
2793156
2911553
1250725
1071805
1935169
2881722
1752356
1703195
1752356
1752356
1454597
896544
911819
1752356
1765035
1752356
2160298
2766301
2544361
1752356
1560562
2237442
2548707
1034919
1101419
1803293
899951
2254628
2325766
654514
2228271
846374
1752356
1217297
1934869
1752356
2959404
2145126
1374619
1860647
2324055
1002289
2760515
1860447
2697025
934162
2465447
692135
1752356
2528628
1752356
2362860
922309
25191
129212
1299387
405735
2964901
1379851
924915
1752356
220680
2919841
1587328
2090481
1752356
1107835
165822
1902578
1797687
1448936
2236533
2184181
1581141
1752356
854301
2454431
1669076
2587960
2977080
1752356
154632
2315300
1499042
1887128
2370094
500401
2407541
2414972
2308376
583004
1752356
761162
931260
644822
1752356
1752356
974690
254635
1822951
2900714
1509424
174977
1752356
2876356
1752356
1752356
2997250
1027254
1721782
1028361
2464782
1362374
2393273
2811682
1666994
774962
106731
627794
2041823
2660483
1220032
17290
1752356
125329
2192645
360554
2155650
183828
680017
1272807
2038598
881506
508628
1722598
1674939
2159384
1717694
26716
726728
2549475
2101401
2413058
1752356
1752356
1752356
1752356
1865405
2535158
184487
948901
2307489
1241722
964655
1137413
1752356
275056
2848923
1902021
1257991
1752356
826936
133312
1752356
1752356
1752356
1626439
2126868
1752356
1752356
1776146
1752356
1752356
1632669
1126151
740704
1752356
2137981
1779948
511032
1291017
1752356
1752356
2834891
1752356
1752356
1752356
1752356
2304690
781324
1249474
1752356
1752356
2277716
1849351
2458938
1752356
352425
1851028
2930577
1752356
1805898
2284433
2889747
2341088
1607485
1752356
2314161
2076622
1752356
1752356
1650704
402383
1535052
795579
2694236
2019254
2726995
1752356
2759181
540104
1470442
1286854
1752356
2319248
510998
1613371
593084
1574298
1054061
1112812
575660
1752356
678194
9896
1004830
1752356
1752356
822093
2479724
1752356
2238019
2855521
53949
2938748
2228446
879043
2718159
922742
2494397
790252
2639141
2478159
1752356
2063169
1036645
136045
2633705
206422
1752356
2291102
1701980
2028596
978030
1752356
45299
583782
1126431
1639764
1131769
2638425
1157004
652007
2988440
1437829
433405
1752356
1752356
35561
1761792
2025995
1752356
1069078
1114859
2129599
1416917
1752356
2196134
1227916
2259994
2130788
1546908
1752356
1752356
1812651
1103542
849818
2128188
1690507
2379647
527854
1850900
1752356
1501142
1315196
2430600
1278185
1132728
1390435
1752356
1698347
247102
2380633
2734653
1228247
2166745
2927725
989668
186229
1752356
153373
2695410
2182788
969547
1972149
2197870
1752356
2191792
1752356
2285716
1534294
1663977
1071671
1752356
414874
149773
1752356
2118951
793281
2946692
2113844
1949071
1141551
1377056
667622
2781939
995965
1082250
1752356
1752356
1854438
1337446
1503496
2197087
101616
1950938
1028760
553472
2128936
2525512
1602046
775949
368833
911781
1394016
2812265
2585444
1477282
1752356
1752356
2676371
308331
23765
2969597
289821
1172332
1752356
2218365
1752356
1752356
2628088
1723279
486047
159319
428224
816982
1447391
610081
1153290
1752356
2847293
2554133
2044198
2686873
1455547
2896823
1752356
1752356
144037
2529613
1003184
1544753
2319771
1552933
1518838
1641974
1220558
1752356
757509
851089
640172
1307834
1752356
906411
2713321
195572
924812
1752356
1194594
1752356
633615
1752356
1884781
1752356
2145238
1989223
1499247
1752356
598281
884315
1213125
1752356
2047942
1344147
1752356
1752356
2457895
1752356
1757437
2641534
590703
1141972
1752356
1752356
1752356
1244570
1491246
1428624
1385972
1752356
1673409
1752356
2698513
1752356
1072165
1645070
507968
7504
300145
931194
696103
1752356
62950
1328922
1752356
1145125
2905550
1752356
74528
1752356
1061970
2520890
1752356
1752356
1401338
807448
2960059
2695997
1605936
1267333
2812600
1254658
2481792
2807592
2160469
1752356
2229731
1752356
2606156
691703
582899
834364
1752356
1012688
1560296
1933391
2418702
428918
2238610
1752356
1752356
895481
1304127
1165890
1841318
1752356
2921192
1752356
2565669
2639255
1294307
591966
2388840
1741811
829733
1480865
145992
48366
2167471
1752356
1752356
676105
904355
2879209
1752356
410000
1570926
1752356
1752356
28877
1526912
2763983
1024116
1536800
105913
541650
1752356
1879047
821038
888706
1752356
617953
1068039
881902
328580
1028223
1141463
40487
2765453
2942134
907032
149671
1752356
2154806
1217315
1752356
2226218
2780631
89440
1503926
1214765
1752356
1773857
1752356
1752356
1752356
1752356
126603
1752356
433482
2612668
1986607
2992656
845384
587115
1752356
1752356
2772485
738059
1505585
1086086
1752356
663229
2053719
2245263
1380376
2633550
912565
2346310
1752356
1336114
1552505
1006820
1752356
1832
2911479
2532518
1012241
1084819
1752356
761775
2857067
835690
1752356
2204133
297226
2386642
2099324
457276
1960358
2217020
618775
1752356
1752356
1272609
2932325
2428833
496920
1752356
2729475
2233358
377622
1752356
1878919
1180659
1752356
5357
2255612
610305
2396684
2049061
2590350
2051263
1157319
2665429
2289417
2464752
946107
2654119
583826
1857106
1385565
1752356
2766844
943029
1752356
507152
1685651
141314
1594406
2446302
209774
1239755
1752356
1071761
441680
1450041
1752356
178589
1752356
1422130
213290
1752356
2596007
190014
1752356
2744741
963888
2834068
2483546
999544
1752356
2602155
2776182
164307
1053193
189038
2618918
1773892
133827
1805202
1752356
880037
1303138
2705395
222123
1707192
1906093
2598382
309433
1690408
1052466
201223
2518067
1752356
2771638
2681164
1105597
2995739
2721336
915087
1535641
1490085
1550735
779982
1752356
1752356
2357577
2738469
1742786
1752356
2842273
1272301
608442
1776651
1752356
1919191
1752356
1357714
16076
1752356
804264
342547
2356154
1752356
773610
1860007
1863781
2778445
668303
2917394
2701970
2745798
2701310
1752356
2279351
1889166
162236
2704622
1135927
1250851
2549993
980064
1349371
2922272
804278
1363545
2070362
2604643
1678281
1780033
249189
1725565
1752356
382949
822286
2456613
1214298
1823770
1752356
1564047
2217764
1024630
1024610
848719
1829112
331204
747303
1728260
268508
1507130
1022769
110282
1752356
1512369
559342
2637368
2821527
1459642
2113942
1021499
1752356
1627784
37658
1752356
2617958
1623854
1946258
254252
1072224
880792
1286614
9535
1776578
1752356
1752356
999410
1778638
2549177
1752356
2618427
2791855
814969
2438309
477037
2548148
1509643
1752356
1890718
150223
1706740
2004569
1761760
1752356
1575069
1752356
1752356
2136570
2923906
1223654
257899
1717529
29437
1733
1876359
1752356
134632
699457
1519043
1988512
2704487
1752356
33078
2564624
405065
2090572
443064
640757
630980
1752356
1261996
1510163
1610967
1752356
1752356
2955032
1022776
740178
2482165
1581529
1752356
511735
1752356
2185222
1752356
1512825
184937
265423
2541989
392702
1752356
1779122
1752356
1406996
1752356
1752356
2729537
1905281
2739422
93522
2812846
1493196
2070484
1932783
1566799
77291
2817206
1267817
1752356
193943
1865286
913272
754994
609911
2820561
1529677
597948
1752356
12576
220484
2991767
2399059
2270739
1417029
1423200
536684
1224092
210447
1639658
465491
205405
2016551
357015
2667814
2361402
611241
655725
2812520
1752356
1752356
1580753
754532
1752356
525129
1752356
1474259
375056
737109
2989208
2995159
1919403
1657222
316671
2589404
1225586
603618
2914420
1752356
2125725
1757511
389588
1354718
1567623
1752356
145335
2512036
820940
1403550
2946102
2841557
994795
2118237
1752356
370771
2869720
1194803
2333413
2765485
1752356
1674352
2125547
2000900
316777
373035
917379
1282892
1180543
1752356
2797839
1066888
2183276
1010887
1059757
1902412
2821051
1752356
2015712
2916906
2209616
1752356
119075
911584
1752356
787644
1752356
1128325
1752356
1047624
2361751
1752356
1752356
1201139
1752356
1435307
2904245
2283940
2318486
1601606
1135042
1900756
154691
1313409
950581
2597878
1779660
549424
915474
2635513
1890506
168695
1752356
2294250
1156540
1752356
2239185
318369
2316092
1752356
1752356
2218725
925994
921552
1486411
2777401
1752356
17716
937845
2625564
740761
447445
1930637
559987
760111
658742
987936
386792
1752356
947414
1752356
1373743
1752356
1752356
2550270
748920
1752356
625223
200283
705431
802861
1752356
1135683
1908748
1126185
1540938
1782404
2163357
2218799
2493922
1433964
1102173
2063941
2948644
1752356
381083
2835599
2224240
2394638
1042342
2810143
1645347
1752356
1247921
836557
1076391
207362
1752356
2296871
1771518
1818363
1513527
1540879
1326810
2927642
1752356
1752356
2524407
1848341
1752356
1752356
1985234
1300013
315757
1752356
2831045
594244
322139
2512907
2962006
1851773
1777510
1752356
525102
2427329
1286248
1752356
2492651
1752356
1624312
1752356
1752356
2620452
1752356
1778640
993217
1904268
1177842
1430575
2839215
1695562
1752356
1752356
579431
2046928
78634
2255284
544365
73886
2755208
637130
1104557
2271018
1919474
1298930
1683145
1435572
1838981
992304
1083355
2253560
1471363
1845040
1559463
1752356
1260009
1876445
1287952
2231748
34913
1343078
1752356
1752356
1752356
174835
1752356
1693756
1752356
1451248
2282410
1752356
2129226
1752356
349872
165553
2139410
306513
583255
93737
1273304
1939768
1752356
292539
2012040
2013163
1842062
81739
1129911
2878855
2754922
901895
970073
2662301
2984084
1623319
2822559
1838146
1752356
1752356
1752356
2660498
1752356
2119860
1955001
2454835
472294
1752356
1752356
2216768
1817112
1963077
1360393
1752356
1005824
531325
2859178
1186149
1857999
2877785
1395239
1840772
2209061
2741426
2522459
1752356
1752356
305479
2320801
1301306
1752356
2718781
2828180
2354177
1752356
2552365
246959
2755482
2606451
1558259
1176070
2051753
428966
324851
1489139
870465
2999157
615692
2481358
1182841
1133609
1743368
2054027
359314
915913
2738672
1249680
1440959
1188505
1752356
639768
1641078
2091070
1752356
1688502
1198014
1860444
1116492
1752356
47140
1752356
2717495
2249645
2097264
728792
1752356
1752356
1752356
952768
1155987
598828
1582065
1752356
1752356
485478
1646873
68844
2912616
1810827
1987763
2678841
2796836
489546
2281557
2971584
1752356
2539579
1353831
1966625
2042229
1752356
1163092
1669070
511896
1752356
2234471
230874
1752356
2842324
1752356
2764593
1879185
581179
1329204
1752356
1861483
1974734
1451988
1752356
2082290
2822687
1752356
1752356
312838
2490110
2548420
382749
704528
51509
180746
1752356
700436
1455085
2064590
1260930
963692
840737
995170
1752356
723171
2824725
2383429
1730420
768975
2128682
1752356
2988506
1752356
819237
1794210
1910246
2307455
2071789
1133618
641666
1135669
582328
947696
1752356
655631
1752356
1575801
398496
1588637
1752356
169623
393427
2296286
2603311
1752356
1343051
973711
550021
1752356
1752356
1752356
832754
1752356
1040800
1300922
1927590
1636073
1613778
2730238
1887859
2589636
175344
1123042
856312
838677
419389
2223530
1786253
2827400
549652
132957
1007150
611053
2600222
170105
542852
1018992
1752356
464711
2604993
2243371
157217
1752356
1752356
474027
1752356
1365262
855087
1123160
2706324
2913625
285100
1752356
2241537
2564411
322219
1667033
530649
330457
1752356
554213
1752356
1082284
1752356
408362
622290
1786015
455770
800407
2721016
10956
702372
1482232
2725247
951014
2355324
1550908
1752356
1752356
1073146
1752356
1989818
1052272
840299
734263
2298711
2553219
2830492
789682
2899919
13008
2387517
724700
266833
1752356
872430
2690766
1752356
184994
1174812
168970
804793
294303
1752356
90849
1959605
198339
2165387
1218808
1205446
376472
2462611
2848866
1037743
2051671
2435397
1752356
126563
2688993
121892
1092040
1658618
1214648
147971
141267
1752356
1215052
1706068
1219339
1673790
1752356
1752356
958350
2192790
1859230
2687882
2923153
1185502
2197679
2780639
1789587
2804602
2692540
2351199
319270
204690
1664868
306144
1651894
2800545
2332810
1592689
387916
1752356
61169
1518056
1752356
284306
230430
1752356
1221446
1752356
1084383
42770
1989082
2619145
162372
306358
1198490
2778436
1752356
1752356
2458572
1752356
2057837
92133
959773
1752356
2342170
2025242
2584051
1036179
2531570
2190249
68999
1752356
731206
1249147
1752356
2666336
2571030
2433567
275654
1752356
1404012
2978757
882053
1193080
2294734
947281
2213577
488520
1752356
649996
608644
1752356
1808410
1752356
337483
348518
2311922
1750378
1258642
1752356
300623
1836891
1137391
1752356
1752356
275206
873983
1120183
2399718
2666695
440991
897752
1752356
282866
1752356
66342
1916497
1174253
1549953
550106
1752356
2079416
1340728
1752356
2338895
885059
2952194
1549228
1752356
2754600
542794
1327978
2070044
1719924
400096
276187
1752356
1752356
452127
1805112
2056505
2319009
1369302
1752356
235990
870165
531946
1311927
1752356
1630687
1178571
1715568
1247788
2325872
1902174
1380596
33018
2431007
1752356
1752356
144593
1752356
1868665
560126
2215816
195933
904908
1752356
2787410
2306443
1003107
1304856
105577
1887888
1752356
1425517
575904
941109
1719564
1752356
2664139
1520295
1077733
361782
32426
1345884
2564817
2501556
1323247
1752356
1752356
2974505
926971
2812715
1125644
1256786
2253683
2349842
1752356
1752356
1457538
550520
1752356
1752356
1752356
1752356
1752356
964822
490440
2153469
1752356
551731
2542544
1590718
1414451
1752356
725584
2269044
1229245
1752356
2717206
1752356
613061
2216294
1191083
2806206
1614008
1752356
1360298
2205341
2566013
1752356
1752356
1752356
1638693
1445808
2838558
1783724
1634820
1752356
542524
1340822
1752356
1981338
2323227
474402
1984795
1752356
944541
1752356
1752356
1083896
2751204
121065
1752356
1920931
71319
1752356
956592
943838
941493
790998
1752356
567599
376109
1650030
580771
1752356
2288836
1968647
1752356
2265618
95383
1752356
1752356
2390004
86467
2343602
322295
1752356
1752356
1314448
1382922
2042463
355793
538924
1555212
1041670
1179533
2544375
1142736
2801414
1752356
2045745
1752356
1752356
2411544
2308821
1214285
589127
2720818
1244563
1221577
1380092
1254171
619396
1752356
2957624
994796
199493
447651
863331
782067
1280471
288935
2504549
2279206
1790905
1217861
1752356
1681635
1752356
386093
1752356
37003
1472230
710578
1294015
641632
1752356
79094
284593
1800145
61815
1752356
2039060
2537960
2442722
1956776
2289377
2301005
1530407
2758935
2114406
119059
1441843
121083
2763965
1539421
1752356
1695965
1683585
1591294
1506723
1752356
361360
1817521
1063798
2986284
1384613
199723
1752356
2028312
1607442
1032077
2352910
2416017
1599590
2118591
1752356
2336658
2980947
637914
997246
686174
1842330
309045
724361
2210344
974875
1752356
1677221
494220
1752356
1752356
1988208
1870970
749833
1623660
1291960
1717822
1388797
179977
1752356
413030
220706
1752356
1752356
1971428
2122298
2101141
1258101
2436921
1502738
2659681
470724
1752356
1645500
9988
1760892
84371
1498292
1654574
2093977
2756463
1752356
2530803
1048179
2647878
2773314
1752356
2589215
2696481
816655
1810330
1752356
2133522
79077
397354
248704
1015057
136330
779866
2263391
836235
2236792
1752356
791614
1752356
365179
521792
2929979
2390586
2407775
1752356
1435048
2645643
2030397
1170078
1752356
1584339
1060511
305508
1752356
2266273
1390304
1284979
2294582
2569226
643527
1464604
537668
2454192
2148823
2460287
301707
1752356
666447
1752356
1859478
1752356
76064
229934
2804006
2343241
1752356
520323
1204023
1971411
2207854
1999360
2405257
1722432
1003275
1752356
661404
2212611
441164
2365061
1752356
1400722
1934119
1318998
1858445
182930
1752356
1752356
2283011
356307
426828
429063
1752356
750004
1732732
2537148
2482661
2986003
1752356
1254137
1752356
2084896
642611
340861
1385154
1003420
1752356
1752356
2077919
1752356
563258
1276053
2183109
1737002
1207099
1752356
1752356
1752356
2745219
1752356
429543
781974
2138084
1779546
1828845
213473
2545966
2204054
238977
2567720
2173093
2729031
1806389
1210621
277617
2150376
1018274
1604130
1969104
1634060
1800099
2646665
1246716
883451
2486426
853438
2379718
2529980
2579062
723034
2235773
273580
1606834
1883101
1457844
2872708
1380545
2403861
1752356
1752356
2524223
1752356
1514513
2201815
2396242
367303
257990
2340320
2991496
1838467
1564890
2278707
964691
1826208
2608932
1752356
1752356
2427112
2781579
1028059
1408525
412046
2635889
1752356
487526
2517599
682823
2757858
205073
1227726
1752356
1046684
1752356
1544785
2705568
1973059
2545915
1345743
913477
2380236
2015493
1752356
1752356
1752356
2957559
513095
1381649
826443
1752356
2391371
122502
2657945
516832
1309928
997268
1752356
1752356
2326382
2135909
1122261
27590
2828296
2237671
1752356
474041
2373292
1170561
1752356
1752356
1059564
1752356
1752356
450998
1752356
921333
2842880
1136990
2248736
1752356
1288978
2149700
1752356
1854735
2640427
1662050
1256895
1752356
1580946
1752356
543721
2276406
620921
2763613
307916
1549095
1752356
2851461
2671307
2020474
1085969
1752356
285029
257234
1688681
1522706
762599
1182065
2339962
361343
1752356
1752356
2693278
1887693
354493
1381160
8568
2966853
2474607
1974183
887786
589967
1385678
2732166
2778937
2381834
1438753
690492
1436211
433371
2786156
2895337
790134
1752356
1752356
1589464
2376664
785257
785949
1151631
1933260
2562384
892027
2545817
1752356
2104922
558820
1058696
1752356
2503755
1344683
965863
2542419
1747047
2580714
1752356
1983852
1752356
2932561
2653436
2704717
1752356
782749
1216169
533681
1800210
2391893
1872062
1034538
1555499
1752356
2895463
684461
2268729
908776
340352
2975528
2071316
2315285
423584
421517
1356918
1647289
1752356
1623465
1752356
728181
1752356
2619786
1801518
2645971
724350
1037676
1170482
2068952
1741786
1802517
986752
1752356
1759683
1752356
976608
1752356
658634
1752356
371753
1137797
1889687
159002
915411
2495527
2979058
1752356
491508
1101390
1752356
1752356
1752356
2893804
2897830
16538
1142510
2430650
1752356
998191
1799055
657705
1752356
686460
2623976
411981
612962
1752356
562114
2837609
1752356
2655551
1637163
1473440
1504216
2814138
1752356
2005970
1593663
116243
1069254
892010
1752356
2357665
918837
2461740
1451272
173275
731250
1752356
2082738
2202800
464042
2248327
1447240
1752356
1666304
752528
1596302
1752356
1890503
426060
2064538
1877263
1623791
2288275
1752356
1752356
1800305
1329238
2878833
1249660
1752356
2513796
2238516
1752356
537688
490147
1979639
1937700
1752356
2690437
2719650
1961966
2204932
1459516
58221
878420
2256423
2727834
1752356
1752356
600471
2824918
2046401
1752356
2414981
380987
1187204
1257037
883596
835487
2408573
1752356
1752356
850980
2021098
1289218
572268
2449075
1752356
1674598
1842154
1558133
1241230
886908
1620528
2063980
1752356
2739839
2001176
1752356
1696236
1752356
233171
2691407
677106
937222
791727
1752356
11312
2244854
741925
1752356
1019173
213659
2797022
789515
2730720
425234
2010754
1752356
2900595
2768087
715495
1752356
1274039
1879628
2152716
1752356
2311577
1752356
333011
2482012
1752356
1681301
1533807
1786755
1950971
1752356
2935036
2368776
2453206
1864642
1613716
1236414
395876
1752356
1752356
1752356
1307299
566155
1030105
2473608
2580713
2921423
1554629
1752356
488660
1752356
2201271
436381
2596443
1752356
2243128
1752356
1431651
1056609
229604
227100
1752356
1111771
425686
139141
1752356
2303482
2556931
1752356
1960074
901810
2741719
1364249
1752356
2566807
1947807
1547742
816860
1547022
1258744
1752356
1752356
2891670
2715620
14596
2539016
1948409
1752356
1752356
1935763
1752356
1843522
1752356
81263
2562938
1752356
1712242
2035621
1789689
1752356
2887777
2321456
2042061
2137571
1752356
932530
1316537
2066481
1752356
71542
268865
2752425
1849531
1752356
2064267
1458926
1985719
2662751
975292
2112543
1854750
109255
49062
1752356
1700869
2987991
277833
325023
1217438
2566343
98209
2385218
227928
471991
2943525
1866690
2531170
147256
336081
1073931
2519606
1752356
1277686
2449063
886474
928839
281660
103817
1752356
1419351
74019
807157
1190362
1752356
367929
762820
1752356
2754379
2115370
1752356
248633
1752356
628153
1065746
1102510
26481
703818
1198156
994807
1178536
1795806
274805
2296831
38270
2752702
2457717
120648
661686
1752356
567308
934288
1916904
1345441
1143725
2154418
386176
445375
1752356
1426989
2436859
1330490
2490394
195393
2489551
2522612
2844821
694738
1752356
2534996
2069709
1752356
2588859
2385523
2236472
1881138
2776516
216534
1898588
1404817
1229915
341975
839491
1527673
259928
333655
1752356
2526884
2533057
1550677
2232409
1015041
2873169
62908
1752356
1752356
1369289
563776
1899560
2542503
1889967
1309957
1023039
1752356
300996
668537
1923367
1523080
1752356
2166887
318313
2951799
932170
2762418
2504979
1141103
450606
2657061
2826591
1752356
1996823
274260
1752356
17115
727148
233247
830996
853774
2968801
2080984
1752356
2974046
411369
2261394
751251
951730
217747
795245
2023420
1998451
2560860
1752356
512017
2740679
2247310
2845147
1976715
2874980
452916
1279142
666823
2941532
370696
1752356
2643233
334741
2952244
1752356
1216851
2382494
2732368
1840677
2052992
1095970
610577
1083975
921517
1783000
2259342
2961078
1747672
2259777
261140
2692124
1752356
1257525
329775
1681820
1461932
1752356
155566
1899357
2674309
163857
380371
243800
329587
2722259
1375157
1718146
1752356
872145
1752356
1752356
2258249
2615659
1752356
1752356
791211
2994898
1466224
298672
1064370
755739
1057572
155813
1367444
2513153
1789511
590173
1752356
562497
1937957
2609844
1365328
746121
2697036
1650406
2459238
2688395
302226
2564250
87696
1289407
723284
982672
2247371
1903887
50032
1464473
2794115
2117365
699572
1043595
2498917
2677282
1752356
1791591
489827
1752356
1752356
142134
1752356
742130
1752356
1292094
2408042
713399
1130163
390512
234922
1752356
892723
1752356
349156
2779854
2498867
1752356
885711
1863663
2930920
2969912
1752356
1752356
1752356
1752356
1163542
1289043
841926
1231912
2108992
315105
2540022
36807
1983080
1929216
2278097
2722317
219167
2821973
369588
2223177
1752356
1748591
1752356
1881795
1926239
48341
2657833
1060653
202769
2141061
1652525
1949272
404989
2548185
1658634
128235
1191575
1422510
880704
1614822
2456496
1752356
1752356
1752356
444739
2756277
1752356
431207
1768189
1420984
396427
306858
1526742
1752356
2581044
2557492
1711166
1259867
809008
1597720
2577150
2463055
2031159
1752356
1752356
310176
2444437
255153
960006
383341
1752356
1250150
1616230
1805487
1700427
1752356
283472
1752356
1227906
196993
2395454
1752356
1955370
1818090
1752356
2715601
1752356
340061
2799752
2105779
1752356
1752356
2158725
500365
1752356
2441231
368947
809445
237959
2914552
1920138
2681814
1752356
1604288
2596360
2304345
2805263
675123
219116
2531076
2496630
1752356
2720081
168857
1693084
1922383
922743
2032473
877508
2361961
594302
2267783
1236569
2053900
812800
2919544
210336
752315
2907610
1752356
1752356
1752356
1752356
1800958
266946
2599786
2718302
1752356
1197062
1752356
2215187
2848535
2908309
2573441
1752356
1866191
1268498
1813989
1752356
933064
1752356
1851131
1341844
1203977
1752356
2678067
1365519
2758162
2798103
2144235
2502035
374751
670001
1752356
2472542
1454675
1752356
988942
2390139
1465833
1752356
1967752
846096
1555531
1752356
2999467
379539
2622301
156219
2414986
745247
1941646
948694
2210898
965817
2558558
1752356
1938439
1752356
633750
141466
1322606
2535421
2920255
447485
1752356
1460136
1752356
2037853
1630309
1752356
1465822
1752356
1752356
2453437
1024747
1752356
1752356
398162
2192529
2643062
190060
2881853
290158
2068011
1505574
2687939
446660
1752356
2945397
2900068
1752356
1752356
1748486
498636
802724
1752356
2905809
2096034
1221264
1559157
1173264
1927329
2362173
1752356
1752356
2977946
1752356
1752356
2969495
1752356
2814756
107700
2141236
1659173
555439
446602
1104264
2859873
2695373
1874126
146112
1999139
1729859
2447252
1752356
468656
350365
1752356
1752356
239239
1297694
1423391
1388273
172861
2682648
1752356
2000381
1752356
2552898
2706963
2257185
2480634
626401
490479
754657
1269435
1798521
1752356
1752356
714760
186283
1752356
212866
1752356
921162
1752356
1503157
1690196
2337315
374246
2388605
1198159
2679717
1752356
1573837
2929747
1752356
2037053
301861
2572981
2875327
2439438
1893065
1960490
2870212
1322833
2443681
1752356
2349951
2180189
1960755
1927839
1546432
1752356
1467285
2658778
1396720
1366300
1752356
2513792
1575357
1752356
2500842
2321416
1732901
1752356
1012228
1752356
1752356
1034457
844311
452365
1752356
1227919
1711559
2536005
2073843
1216347
1861482
486974
1752356
2111715
1613954
351421
1752356
111059
1242676
1366551
2019111
2800497
587448
357802
2886722
1071504
1752356
712799
637606
1752356
880456
1752356
2035727
1752356
1752356
428706
1080551
1752356
662427
1041782
2356854
631941
2808077
2481289
2054824
2071010
1742968
689454
1058935
1888106
385832
1185068
1752356
2658793
2411636
2856587
2917655
395070
752828
2176188
1752356
2187786
940112
1752356
1691092
2590390
1752356
2063807
1941045
709702
430691
2153250
1094044
236075
2083045
1520244
1752356
2008801
1689156
1752356
2495656
388035
1907160
1752356
1752356
1752356
2921828
2124941
1990274
1447592
1752356
179900
299381
1752356
2247986
1752356
2997231
2120930
724567
643742
284188
471034
1557052
511921
750966
2065868
1752356
2645818
2534334
658464
2591332
2304040
1996952
806919
2476685
1752356
842219
66455
534919
525794
1752356
2089071
1239387
1471636
2759744
2603329
1708980
1321519
1283989
1239033
297810
89289
2745762
2506571
1840603
347771
1752356
1635283
1898920
2358032
2568555
2924108
1752356
2170706
2707335
2418195
1752356
811184
1400672
2609342
2700469
2029151
431102
2646036
1752356
1622370
692938
2693702
1752356
846415
2762307
1752356
2910616
1752356
1416948
2137830
1898003
1434344
1752356
1144424
1802496
2286947
187618
2604786
2197288
2093564
2867740
678125
322890
196422
388773
29610
2817907
1752356
1752356
813755
1752356
1752356
2600061
2056453
943359
2048995
2910444
1752356
2337859
2203650
262893
1752356
2803868
2276028
364893
100681
1752356
2519
1752356
764314
2284885
544854
52129
2405553
2020397
1763230
2324143
711662
1616495
1144320
1633192
1752356
1752356
1752356
2368786
665167
2584252
2902394
1752356
245130
2461770
1752356
201672
1209846
1203001
2182287
1014047
1819361
346711
63427
1752356
647298
2250700
1868152
2883577
369776
1789561
2377187
364889
1752356
1752356
2533080
2285274
2899220
1752356
2807763
885801
1641035
1121292
1024696
1967418
1406363
2123017
2293936
1752356
1941936
736103
2570215
2648538
1752356
2188262
2530895
1105404
1752356
1752356
1865696
304579
407959
2361476
1048935
1085146
1752356
510792
1548990
1752356
1594118
1118966
2738740
2044763
1980148
1939803
2246014
1752356
1752356
1752356
1934367
1752356
2523082
1752356
2875416
1543053
1752356
1743759
814845
2367049
1460192
1192881
2940359
64665
1366053
1953839
1343857
1752356
608149
2415550
1752356
2449760
1752356
2629780
951740
2693321
2196474
1752356
1776051
2705178
1752356
2747219
2294447
2293622
666066
839324
2938127
1171105
2845836
1194410
677076
1897948
1559336
1752356
2307238
1752356
2184319
1752356
1752356
1352957
865208
1752356
2524975
488106
2654620
1475663
1752356
1752356
1545957
2987543
1306586
1208946
1037596
149635
856538
2217188
1390195
686818
430440
1168311
2709225
72351
1752356
1690750
2529744
646964
1507604
537947
1242696
1024188
2583744
2118607
1752356
913199
821961
1481331
632957
2846454
575796
2974668
1752356
1752356
1994439
1752356
1291383
2928427
902718
2970184
2489206
805356
37834
1752356
365976
2826397
1307544
2641890
199619
1752356
1458724
2900509
337760
1752356
975155
292722
732136
2923164
1533151
2736971
216182
1752356
1922233
2603825
1593045
1033213
1467488
721389
1763197
1700425
598680
1694576
1644629
1680465
2587252
1636510
1752356
1390581
367504
1725930
2160756
69625
1022933
1752356
356197
1752356
1988826
2090269
2491853
1752356
2820606
1752356
1752356
1437744
2148460
2711039
2314364
1752356
2014668
1484569
2676929
1752356
1752356
1752356
1404715
1752356
832638
1752356
2914402
993377
2820860
1715342
1920360
2072325
2029024
1364682
1919276
1752356
38681
2112099
1995627
125717
2127206
43855
88848
2368324
1515647
1169208
1752356
1752356
1752356
502125
1422876
1060940
1481252
1645896
1752356
1157390
1184585
2034672
1322376
2344419
1603846
1752356
1051156
2121069
990289
1752356
2433518
1413931
1630371
294996
535201
513796
2081973
64231
2722763
1731094
81532
2856899
459197
609569
1752356
1752356
1752356
2382545
2087502
1752356
620653
1752356
1065037
1752356
2211633
1775081
1752356
1752356
2299613
1752356
378156
1752356
955167
2300453
2216061
2601749
1752356
1715753
2409916
1271356
351175
1752356
1752356
1752356
1017525
1752356
819107
1752356
1752356
1841654
1868417
1752356
1752356
793320
2376848
2576226
507314
2616911
1249593
1566973
1752356
2675007
2368013
1752356
561433
569515
1497787
1752356
1936737
245326
2669646
380580
1935065
1752356
1837793
1658075
1770440
442299
988590
1752356
1752356
259714
1802159
1429262
627346
527716
1752356
949389
1752356
2686447
1194629
2491697
1363729
2241154
51557
374053
2231856
1752356
1752356
1752356
1752356
1752356
1752356
1752356
988521
1255030
2974371
362257
2266079
872859
2179207
931703
614062
618095
865865
1514371
1270802
258130
1389480
2341436
2034705
1752356
1244885
466507
2006196
1969203
2262746
1453174
1303184
2655975
1752356
1076502
668929
1413105
986243
2433479
847743
246134
1752356
923275
2565947
2042689
1752356
1965848
2525844
1752356
1950701
2191954
1360329
1752356
1752356
2982189
1351359
2219251
1998438
850458
1752356
1752356
2306053
2084630
1599028
950957
1835625
1065184
1244530
1497786
1752356
288806
3658
2090403
1752356
1262630
762326
80906
935846
869471
1223927
2624128
1366901
2325627
1752356
1309670
1866291
44727
1443115
2153136
2484842
2163530
1752356
977986
1662144
2788837
1943320
2848321
1935948
2724504
1752356
2095603
1164987
1135049
1361464
2025122
2253681
2084665
148749
1374672
602463
1752356
2464468
628648
1716739
2187157
1130088
507187
147722
325394
1344080
644598
1118584
2635564
292075
2944646
1752356
1752356
2592300
2725954
84026
1752356
1325497
2678488
1752356
2518248
727247
2632950
516211
617650
2657286
1752356
1299297
883865
2652250
1705713
1178612
957027
2013581
504249
511846
1752356
237637
117293
1407200
2892089
2587336
2077103
2322813
731421
1455104
1658226
1829295
2740281
1752356
2116048
908508
234935
1277592
2274646
144901
1812024
280623
1932228
2442837
1752356
1752356
1106749
407516
2120994
1752356
2569161
1054512
2501591
1871067
1752356
1752356
690637
3081
2468141
751896
710286
1741906
55654
1752356
585224
835493
2434033
315987
1490677
1942367
2094330
2533773
1752356
1675433
1866433
1866918
1752356
1752356
711278
331013
1681643
2357068
2245402
200163
1580682
2743682
375732
822632
735933
1752356
1398204
2716692
691739
1566460
2131632
2129512
1660027
1752356
1752356
1752356
545184
1517466
2304216
1752356
1752356
331423
1951222
386775
1825484
442344
979035
1279476
2127298
2662767
1058481
1752356
1293453
1514039
129759
1752356
1813189
2688054
250349
1752356
1752356
1752356
1752356
2871576
2014336
1752356
1115470
2573330
1752356
1751030
736403
1336359
2199077
886339
2771288
677430
1752356
2780149
1752356
2212996
870219
588324
722600
945882
230231
1492522
1752356
1217791
903976
1752356
803122
2629590
2490596
1752356
663134
753597
2507992
2946269
2335455
2636608
384147
1480044
1942703
489868
1752356
1714099
1081939
2831662
769405
786165
256540
285261
897328
943348
1752356
224294
2988909
1752356
305251
2684544
249390
1739063
1009533
751069
1417205
1001353
434672
1063399
1518296
534006
1752356
1229922
2240843
1722403
2502191
1585182
1752356
1798932
2870313
1497306
1599807
2746500
269475
2067955
1870472
2166539
1655527
1752356
43321
2270678
888028
1752356
459215
2283778
1752356
1655070
1752356
627903
2587054
1752356
2923316
1384202
1814279
2049606
1752356
1752356
440404
1783829
965676
960120
327353
2237015
326497
1752356
1752356
1752356
147967
652974
441490
1719381
2945819
1027804
2618991
725429
1752356
2529596
1836552
2373706
2873953
1294951
1365235
1902291
1752356
2549584
2143888
312944
1106470
117211
2895070
1806352
2082596
1752356
1295380
93428
2285593
807506
1214438
1752356
1752356
2836984
1478666
2679871
2254368
1752356
1778803
702397
2194483
577357
1527054
660923
2141087
2909184
410379
1552044
1377332
2494919
2011040
600014
1657705
617283
479250
1752356
1752356
1752356
1245608
424998
1237341
177963
1752356
1752356
1843925
1752356
652961
2245476
2230756
2155791
160596
2747654
2361338
2568152
1244697
3703
917563
2866062
937694
1541978
897152
2800818
1671791
207466
226118
2824008
1752356
396985
440442
218461
2091130
167873
1924693
108486
331907
2656962
2625326
219339
1752356
58706
2605292
447937
2263048
1752356
1326495
1752356
978292
2583208
784968
2097828
56638
925202
2008974
1752356
1752356
1752356
1885660
222868
2924819
2941766
2163562
1128569
246622
2675013
1245909
1111982
1752356
1752356
1037096
1752356
1335068
1752356
2856020
2143325
1752356
1666014
2902937
815240
1277126
222070
122638
1981520
2093970
2246870
1357395
1823642
2435320
2523138
676698
1752356
8705
2686398
2672211
926464
324714
2649059
2199998
1752356
419306
1895872
1752356
557985
1332255
163214
1752356
1752356
450577
1687441
289813
2130866
2894623
1752356
374268
1752356
1752356
260141
246430
1752356
768113
1752356
1354310
130776
1752356
435825
1752356
693732
1752356
1646713
1752356
2250173
498620
975092
2812183
2806834
1752356
1752356
503234
2929446
1752356
1886552
95889
218018
2223228
1752356
1752356
277081
1752356
2236423
2531992
50987
1158484
2761485
941830
837037
506633
2340017
1862753
1030463
2362630
332680
1752356
502616
2340029
762460
2107128
2212826
1502504
1375725
1752356
1000878
2554887
1545875
1752356
110963
1685981
1752356
2751306
1423426
1672800
1704716
1752356
2643848
1752356
837455
2995956
861579
635198
1752356
701185
1828759
1727064
2383819
738969
339921
1216233
2562146
1752356
2246396
1804539
656764
1825239
1752356
2537518
2040188
37146
1342052
1752356
1513885
1557366
1752356
792814
2112639
1752356
1752356
1623828
1658240
661669
661633
1752356
298726
798229
1752356
2988823
618829
1752356
1915965
370805
2266649
1580347
1976664
1752356
1752356
385900
1305049
2264800
2968966
87870
902633
55930
1246422
1427930
2917334
1640020
816135
1752356
1467565
1752356
2729833
1752356
183767
2849960
151543
1663324
1752356
1739630
2432513
2084916
1696081
444881
2994193
1960171
347964
2496333
2539448
2332633
1711605
765871
26301
1752356
642882
1080280
1473286
2641174
1685005
2570253
942793
2228526
1752356
2001252
844720
142466
1119965
621238
732259
2720526
774400
1752356
18496
2276633
1752356
2713902
1269148
1412034
459717
1702534
290082
1470394
1752356
2440064
1091988
2973454
2991718
1937382
2187844
1356684
860483
2272599
2637950
1275110
1112705
2524564
1752356
1216733
1491720
602749
1723711
1301672
2755595
595198
2293428
1468605
273294
914595
1752356
979815
1081431
1008314
745410
1752356
990326
820496
342952
245064
2083101
1620503
2049660
915946
1752356
1252814
2523650
1921540
2664655
2296378
1911209
1606619
1752356
710950
1918555
2355955
1354279
80280
2021365
2261523
1141146
1073731
640084
1752356
1752356
1752356
1064298
1752356
1961876
1098743
430900
1855199
215793
1084936
1930934
1752356
699129
2231910
742240
1752356
1752356
2106028
2321521
536042
1752356
1680869
2268294
1752356
2536762
709755
2610118
2756707
1017131
1940340
1752356
1549851
58635
1075371
305808
2064402
1963871
1601771
1606930
2213567
631539
2462953
1752356
929333
2695788
881287
1744628
241790
1084448
2945706
1414200
2958606
1752356
1752356
1129488
1752356
1812453
407630
1232003
1694124
2584211
1929546
1867060
1262312
1836316
644651
350313
1641458
19460
1066393
1752356
433546
1359013
1752356
1752356
2450000
2438988
2110235
1523187
283770
391903
2126605
501537
633023
1752356
1467618
1837705
577604
1752356
826363
1962674
2421205
426948
1247349
1456541
169516
1150397
1860948
1794886
1056738
1432838
131512
1752356
2614304
2189709
1752356
1947245
1583054
2104914
2576469
886861
1344210
1752356
1752356
855585
2993072
492117
1752356
1752356
2772709
2460702
270138
1712741
2265028
498327
143301
551886
1752356
604657
1150014
69515
1752356
1752356
260844
363169
1752356
678203
1646627
1258240
2908575
1612481
40136
2066871
2416502
2438695
1516786
1003575
1999937
1817625
1296715
2888889
1788152
242942
948503
1752356
2842448
1752356
81315
263516
32923
1991663
1752356
1468853
2078883
257042
2568715
2621556
1752356
1012565
1752356
1752356
2597373
254137
640932
542478
471935
814629
2815321
195254
186558
2721044
1752356
1021236
742681
1752356
2601974
1662045
152508
2160206
1783185
2912613
1752356
2778160
2738924
100765
1561416
1137599
1194501
2971430
1752356
1669822
1752356
1752356
2518757
506280
2268497
324078
308064
1752356
1041228
2872587
1752356
1752356
1752356
1752356
411871
1752356
606355
1336134
349004
1580439
960407
1752356
1752356
120983
2452171
794714
549864
1752356
995258
1678714
2410904
2962651
1752356
1752356
1365109
1588581
894197
2360603
2252333
1752356
2408615
1590522
1619797
999124
2140407
2097825
1752356
1312652
2355811
2005367
2734171
1856255
2514815
2797630
1949810
281825
1963565
148049
587183
2669607
696541
1377460
184938
540414
1752356
2723443
1676658
1752356
1752356
1752356
1071281
1752356
86607
623745
1752356
1461751
2155725
1956990
2750213
564374
1492980
2682473
1815633
1752356
1703118
851698
2455236
2284240
611602
1433700
1042493
528119
1373803
2116075
2207078
1342631
2837766
2749094
2209392
1636551
363301
1752356
1752356
2072418
245393
2157408
1890968
2498218
2050846
2538849
2996137
1881772
1752356
2307437
913912
1752356
2643908
1752356
92400
1752356
2127385
1117095
2539152
1752356
2975758
1455427
2020507
1383877
2278326
714790
1768067
617164
890870
1382187
2252385
1752356
1752356
1359508
2863031
1785807
384771
2301326
2523401
2631290
2378039
1218216
764580
2728928
66906
1045284
2829985
2594989
2653646
471439
1376402
1241574
1752356
1385991
475904
1049143
1925520
1752356
1976605
2748820
1742782
1106714
1199695
1752356
1906302
2138833
2826855
601567
24301
425812
1021844
906961
639702
1676247
2739421
1491312
1036463
1677905
1863984
2776033
1823985
1911161
1653771
1752356
223325
174118
448030
1692957
1921818
506554
2779079
1752356
1429916
177232
434579
1363042
2823513
2342809
1752356
2082229
1752356
369594
1475593
376677
2069046
280628
328559
2864070
2797436
316992
2252657
1313799
1756828
209924
42363
1608745
2607973
831931
1669071
1752356
1752356
209925
1752356
2188164
440211
1752356
1984062
1752356
2352691
2840118
1700923
2352425
2342167
1752356
1752356
926505
2758863
1876607
527449
2259738
2468545
2622081
686524
1752356
380860
1310442
2848469
1752356
2205212
1518075
1752356
1752356
1752356
1267805
1418377
710975
1752356
1186997
2610944
1154011
542977
2381464
491238
139248
2824674
1970048
1096223
653096
1752356
2775141
1285327
2269444
1752356
1099027
523603
1752356
383923
2011884
1752356
1752356
552593
1752356
1752356
131913
1752356
525569
229822
10219
1857611
2434253
1752356
1752356
1761128
1872732
1846729
2773570
1752356
1752356
1752356
1168828
1752356
1055257
30424
1937621
1016613
2735174
754279
2655655
2644009
1698394
96683
1752356
43612
1752356
103266
1962188
51959
122669
372949
1477535
937151
795107
2981717
1752356
2972627
1752356
2512339
611274
2397840
1089697
721134
1752356
279102
606821
1107890
963654
216131
2717688
2477979
1752356
1771156
2709239
1976582
2023872
1540607
1095338
1535788
2012655
103182
2414558
1752356
1316549
1120626
1752356
941370
2551286
806778
762144
1752356
1454592
807033
1044380
678356
143511
1752356
1752356
2520987
1752356
1752356
2449650
1252511
1752356
1752356
919074
1240276
1992318
1001547
2416598
2213888
1752356
2283287
2199355
2053762
2407613
378394
2319817
2704344
2560692
1752356
2062283
1185015
2328419
1752356
1752356
2093282
2357156
2292435
2295367
2319987
652246
1752356
1752356
2013021
1695348
871103
1752356
189891
1936182
1697341
787526
2899794
2576404
1588910
1840770
538988
1801830
85694
727548
1177636
1080507
1012079
2266008
2453099
2129575
1383681
1545042
1752356
567629
1990052
78089
2320921
1752356
2287974
2129963
1752356
655432
2533957
2514181
2017767
208303
1590996
1752356
1078787
1752356
1835908
1752356
2283596
2231747
2740845
890407
461337
2656000
159361
1702530
725616
2114373
347728
1488306
1952034
1752356
1363479
1937503
1134977
475535
1063498
681359
1752356
1752356
1041030
2805451
1613691
2226993
1752356
1752356
2422362
1752356
883197
1981525
1548473
1047752
2281367
1752356
1097194
1799603
1376331
843843
384207
1854556
2959126
1752356
548145
1752356
1011212
1752356
1870939
1048795
2425919
1552618
1752356
1752356
2062155
1627640
1630149
1320470
1178110
1752356
2540300
1218275
2748618
2420650
584997
1525393
1534317
1752356
1752356
1923999
2930774
2119383
1693036
1752356
229417
2139589
95768
1177427
1665255
662703
1752356
448283
1223496
2816826
838499
2654072
63547
1752356
97950
2038356
224795
74568
210373
2477025
835652
2149773
2873542
1752356
33600
1888731
1393948
1422649
2588429
329958
1752356
2966738
1752356
1129364
2344041
1752356
1752356
1752356
1752356
1451276
2277698
1752356
108506
2319462
1419777
684213
1752356
2427056
142291
2405429
2415072
2291247
2314421
1752356
404225
2000590
2223030
1752356
704536
969882
1838575
2412146
1752356
2417342
2496476
2739981
1752356
331721
202704
1752356
2511903
1752356
418373
1169143
2586197
2836540
2236069
2415471
2117253
2681894
1391478
2919
829357
2366201
1752356
2155575
1574347
822890
2199945
1263806
1752356
1752356
1845908
656902
2085653
589665
468866
1752356
1833642
372987
453732
1752356
1752356
572001
2956067
708494
322210
626584
1876687
1052426
1124064
1339562
2317030
1961068
2532218
1392265
1752356
1177691
1135067
426039
2720308
977841
1752356
2567881
2696788
1428718
489978
2299131
1752356
268349
2687090
749166
1752356
2877551
484783
2179117
1654510
1804849
457708
1752356
1752356
2852565
2331043
1702443
697424
2432236
1852636
1752356
1752356
514106
1752356
1704089
2662471
2506479
2286983
2306606
2097385
1982940
2693048
681620
1752356
1752356
2204531
919853
1819795
494594
1808405
955817
1752356
709122
2064174
1752356
1063463
2687669
1605502
763097
1752356
1928045
867287
2681306
2232447
721543
647323
1752356
1028404
850074
769375
2509978
1716875
1938319
2176217
1484271
2091634
851660
1075949
1017715
1752356
2783867
1752356
1102681
742004
271037
2790773
2134977
597864
388963
2865381
806626
1909704
1839494
75860
185532
1752356
2324111
1752356
349590
214260
2656808
217839
1752356
1364819
1020502
2895842
2265325
2556494
233337
1446783
1752356
2962431
2264529
853959
1995321
1316934
786462
2161053
96542
2455662
1276604
2916091
1752356
1752356
1688451
1790757
535413
1752356
2373153
1752356
1752356
1382655
2107353
346454
2925801
1834452
1752356
1686119
2219049
2789639
2252133
2488485
1752356
265313
1629862
24836
367494
1736920
2219954
1517309
1119902
1314801
1765358
1775324
2774232
1630368
1006927
1752356
263369
1752356
915313
2002179
1028498
2865963
402365
1633405
1598113
1647224
488959
1227366
2371861
2153529
1215729
528117
1752356
2105063
1752356
741344
2264002
1133988
1752356
1752356
927718
2691057
1752356
783665
2247014
1966797
2056613
1796999
1816812
1500862
2692963
1542886
1326833
641305
2736246
1242643
1752356
723155
1752356
656370
1919785
152574
2266542
2287653
1752356
1752356
1827021
1752356
2796282
985998
2722525
703214
1467363
390168
1752356
1577010
1079595
1636685
1158549
2672225
1752356
1136826
1752356
2993010
2777937
2014159
1752356
1544155
2314479
1381618
1752356
75276
1021930
1752356
602508
1466730
1921512
450979
612706
1242486
813644
412447
1975319
504376
1056632
2687704
1700220
2421897
266540
2712001
2375508
2287300
274217
1486166
1550107
612604
1752356
413838
347350
1752356
439559
1752356
525341
1432564
1542520
1668271
2157935
1752356
2231617
771965
895561
2243295
633530
747150
776728
877084
1752356
645038
944391
430655
76644
1323894
876598
244533
2052550
1881998
1752356
1752356
1623330
304377
87959
1033599
2765353
2315475
2993124
2779800
1935586
1651352
793663
2699762
755080
2473618
2398482
1752356
32145
561891
428053
63954
70162
1752356
298186
2059180
1304966
1054632
2743807
1134492
1825338
2002115
2237183
1758877
1357082
1521152
1045278
1752356
1424250
534808
1506740
2814302
1752356
1752356
36725
154335
22764
2360549
1668524
577686
1599659
1752356
466756
181502
2505475
1752356
1015172
150076
629037
1345919
1752356
649219
2381998
1898654
763786
253346
266939
497834
1401325
122039
2730505
2468435
1752356
295681
736516
1752356
1358216
1014524
1280087
2217360
2838506
744924
1752356
761351
2664131
361656
2580051
2565992
568762
1769990
1147857
1374373
2415712
2696488
2796059
515606
1242180
1752356
600534
1752356
2025682
1752356
2273321
1866674
1397795
2885360
2556709
1073545
1035033
2019032
943428
2720290
73057
1752356
1455720
2882240
295586
1922901
390855
2508000
142779
1244477
1452358
2685376
1752356
1802502
2994806
2147353
2536152
1380632
1752356
452957
388893
1720564
2081005
1444649
2943694
1744823
656221
767657
1752356
1752356
2298185
1752356
1432465
2141625
2633537
1752356
2368601
173631
1096301
818357
2236728
1395812
2779300
1752356
1752356
750499
724344
1752356
432345
2072912
1094555
1752356
2825955
2717482
400300
158852
1752356
922772
104053
1656762
70482
561278
2332582
2747338
1675475
612139
2874215
1143312
2861903
1752356
787971
596748
659239
100165
1752356
2439671
589285
1752356
1655806
466270
1203040
1752356
1210602
1123822
1752356
1968858
1362041
1080489
899454
1124678
1072531
1673487
1752356
1691640
1752356
1745469
1752356
2037407
1131822
1752356
2833356
1763455
1752356
372004
2820014
575683
131258
2442901
2784766
1871286
2822890
1752356
2952635
1752356
1752356
570907
2643859
216632
107401
2195555
2166292
1542220
1498334
423582
429736
2474372
2169862
2340429
1045392
2173801
976327
82788
246596
2022456
1914094
784763
540436
2228376
566238
1752356
1855229
1736858
144915
1093257
2987648
2091837
1752356
1439545
2297241
1051164
929172
1102851
2259246
1663788
1745731
2165540
341695
359778
1752356
1259402
1823795
794695
1752356
1752356
563743
1752356
2394840
343087
2792639
1260282
1752356
2370612
554428
1387820
111534
1752356
2346002
469033
772994
2193907
1454602
2171645
1451151
1325939
1752356
2833148
1282812
570501
1582429
2604553
2038300
1752356
306183
808718
153328
2274757
1957705
1752356
1752356
504591
1629903
2803432
2704164
2264402
1752356
2346325
587598
1752356
2625689
1372466
342624
796277
2940780
1752356
1961895
1264296
1752356
1187713
2182714
1752356
1752356
362827
503058
1752356
1012816
1538333
1028620
889648
316881
1752356
2899172
2810003
1927047
2255611
1109028
1752356
1176046
1541032
1752356
1948468
1110433
1752356
231343
1752356
775111
187769
389675
1752356
645915
1289983
2876513
101530
2799560
2517649
675117
2892593
2508515
2558064
1703395
384630
1492064
2897272
1227152
2266385
1752356
1752356
1552743
1590954
1752356
1748886
77740
1335210
792160
328716
1752356
821142
2481602
252552
1561343
1163995
53952
1243390
1249712
2021441
1473700
383433
2298033
2679885
1752356
1752356
1752356
1596742
696923
2564751
1206682
1522841
2309449
2701813
2873256
476306
88688
365349
1752356
1752356
1752356
1752356
1752356
1752356
2396573
1676910
981264
1994300
2141614
574274
1332407
1752356
2651365
1752356
1752356
280567
1752356
1752356
1989549
596997
2834580
1752356
1752356
2824477
940062
2885823
2633315
663779
1752356
2257834
1752356
2817655
244058
563477
1752356
839903
2643316
1379983
1752356
741984
349293
1428304
1022847
1164039
1615960
1817767
1740692
2576531
324217
1752356
1714024
38763
2864615
514572
1752356
2314197
1032356
69269
1672493
1752356
1135020
1752356
1755125
1154140
2256367
1248941
1752356
2036786
1752356
936881
2321822
1752356
1782229
1752356
2399677
1752356
115008
752648
2683746
1983276
1880609
1794373
114812
1671982
2655303
383280
1752356
1090590
1752356
1752356
1752356
1871321
1752356
690227
1752356
32204
2893279
1155456
2460973
1752356
2167114
2215179
1752356
2302229
2430123
677411
1752356
2214597
1752356
1752356
2131782
1638332
109294
2881959
1752356
300147
1752356
517614
2983021
2025311
2599909
752017
2919685
1803151
2183662
2594630
1752356
432226
948744
42776
1787103
2127192
2425784
1752356
1752356
2776570
684702
1752356
1338837
1752356
85051
1223536
1752356
1705366
1905031
2408101
2569395
725318
2048140
2923061
1752356
1587856
619356
1619076
1752356
73382
1576990
1950683
661832
508524
2068029
628919
1752356
1752356
1518454
1752356
890263
1921545
1183595
2526667
2126548
656239
1986132
1752356
734629
1005871
1119467
1752356
872861
2548375
2908293
2387558
1725180
560078
1934125
1752356
441283
2387151
515152
2748234
362993
2888855
203942
1752356
1269713
2338156
1724676
1752356
1752356
1255646
2126569
2860866
1354165
1752356
1752356
611736
1752356
613598
2213002
870877
2168446
1752356
2850988
2620720
2131085
1752356
601787
520111
1141903
1468144
2136877
1025257
1752356
1752356
1740431
838697
2862506
2725171
1752356
2920177
1752356
221280
823609
1699091
911744
1752356
1121704
1752356
2318900
1049020
288985
684519
2975088
1880313
824597
2005095
1752356
683993
813457
2399097
1752356
1752356
1994515
2907712
1752356
1752356
295077
1752356
396963
26582
215671
2565931
1037111
281754
2899889
259360
1796280
1604741
1196011
1752356
2528255
1752356
1565450
2025465
1752356
1261401
967366
1931560
1928108
1356700
1208265
1752356
2486274
1978524
447101
1571235
2865694
894001
1752356
1647933
1817797
34795
2546595
2571608
2288195
1277206
1438260
2992942
50248
2179585
1862236
1752356
333118
2621634
2651960
1752356
515859
2717051
1752356
2094657
2083830
2864724
2880474
2038531
1340468
1551370
1427758
1752356
1667741
1752356
2950407
892647
1877674
1880761
861305
1511392
2441556
894422
1752356
1431812
2129497
1752356
786172
2753724
1009374
915484
2406731
1570418
1752356
773959
244522
1423264
2946327
222196
954853
2230788
2782219
2627624
127537
2296024
1752356
968072
1295473
928471
1752356
1275743
146313
2296030
1028629
147517
1337820
2488644
1339404
1896236
1395750
877295
943910
2379298
2790847
1527082
720915
1752356
1041628
1752356
2799736
2441540
1752356
2147521
1489313
2587726
1752356
1752356
796229
1752356
1745360
1096367
1776292
2559687
1752356
1098262
2179014
725033
2356449
2199108
1198458
257724
2590734
2843414
49405
773240
1752356
1752356
1665432
2686994
878952
1752356
493148
146275
2615638
2748574
1752356
1318126
1752356
2286979
1752356
912325
303743
1102594
2096750
2580504
2931643
1801186
2282540
893850
2800499
2013081
2716624
1397405
1752356
2898303
370417
797815
1980613
98676
2404689
2449957
429296
2971218
83096
556314
2870119
2401699
185244
2874400
537006
1432290
1752356
144882
1767046
2318041
1848398
1752356
289978
1752356
27976
1711221
587770
127332
450528
1752356
685023
1243896
2073511
1025908
1752356
300026
294850
1752356
2009436
677667
781385
611452
104283
895025
1752356
1118225
152856
2060335
614262
1620455
2159679
1862145
2377823
266576
1878163
701329
2301017
1584943
202079
1752356
2650722
1433123
1991277
904933
1420860
2416090
2726652
2253004
1752356
786666
170539
1752356
916966
1752356
1752356
2072927
1752356
2413866
1752356
18206
889827
2912667
2077670
1747673
1752356
2966444
2764298
2024238
2045122
472917
2527338
966140
300633
2214467
2903160
1394453
2561503
1877064
2252839
1752356
1395369
2303431
1752356
1752356
1687049
1752356
1792166
1246387
1881764
1511516
133482
529753
4169
133529
1406012
778918
1752356
2066663
24519
335856
2994961
967983
1625973
455478
1252199
1811720
2611325
1303940
1563276
1104635
1752356
1752356
2386017
542015
655587
1099846
1752356
1752356
860573
2328849
2359945
1752356
2322405
2817494
1752356
590362
757487
1752356
237429
1752356
2956014
867664
367110
679377
1752356
204021
1028146
422081
2495616
2996026
939213
199803
1752356
706825
1752356
2811797
1752356
1186705
2390718
238471
2586194
1809249
1586153
1752356
301617
1821952
2662513
2091597
1408576
896078
1958068
1704093
926816
779421
1752356
1256661
1531260
760853
402334
794993
2125539
2695696
1752356
1413612
1528482
1377929
1604907
1752356
278142
1083789
2295917
2081893
324624
2432631
472489
1752356
1616573
523410
1752356
1752356
696914
1752356
195108
1752356
1887823
147740
2875423
2592976
1512517
2454328
1066198
1752356
2029361
2634084
890438
2634485
2733512
2438582
1752356
969363
1716496
2926581
1752356
678759
409655
1732717
450248
2054131
2953855
2246009
1381647
1752356
2248500
2157851
1671858
435141
2464852
366696
1752356
1752356
2256061
2203332
2135719
1752356
1752356
150826
2967242
1752356
866870
1739433
316029
98815
2767558
2218369
1752356
847155
1095342
1249946
1671255
1474167
2608905
2866023
1752356
11969
1752356
2888571
1752356
1526391
1216555
1785098
1752356
1810873
1938547
1752356
1752356
849903
594020
365956
1677477
1147158
280245
229459
2730563
2588600
1501029
1663650
1652387
1399371
510578
2276429
291094
1550032
418801
1811074
1752356
1405175
2364368
2983303
1041818
1752356
1402305
237585
51083
928310
961356
815483
65008
641026
1340251
71223
1752356
788256
1752356
2174956
1572339
2200747
1752356
866668
1220387
1438249
2349706
1262753
391586
1843069
1634836
1532052
1725965
1476395
1752356
2930019
438626
1752356
204597
2243602
2828614
2910559
1312539
2068789
1350691
484159
2605431
1752356
2788208
2533233
1989320
1197725
2811061
1752356
443183
2191531
1280508
1745964
1328674
1752356
1036541
1752356
1409552
92304
1752356
1752356
2296556
2988535
310967
294809
1846675
1530460
236219
1340551
2859161
1474103
1824156
1938303
1237963
243084
210991
1428658
1752356
1752356
1812228
2413864
1613807
2902462
1873220
923005
1660734
1104288
129307
547127
2392522
785393
1030242
1743344
1821101
325794
195140
1752356
163625
2417995
1752356
2832282
2326151
1314204
1752356
698174
586681
1752356
1294367
2890979
326692
384352
1752356
1752356
513419
298693
236929
2559989
2404733
2823713
317877
1752356
2164622
1854349
999547
179610
1765307
489369
1569164
2237698
1694560
177550
966189
1069240
988579
321843
1175214
322407
1693633
2467047
1906563
1849026
2884904
2178857
366114
2625847
2139033
1003637
2176847
2172185
2177500
1752356
2466165
2053401
2017877
966386
254944
450722
576594
2923585
2672559
2744468
2066031
1381532
437274
985186
1752356
1752356
73348
696539
2236238
1752356
2842072
2666002
2167187
1752356
247383
1153045
2510940
669065
672725
1752356
2702880
1752356
2147135
525858
357037
1752356
423452
2929225
5323
2820580
2727037
2587020
1752356
464462
1248577
513136
396511
112482
1752356
1759240
1455708
758631
2055137
1752356
1752356
1752356
1240814
1752356
1234567
2826822
1752356
1752356
1752356
561396
2419091
1752356
166412
2146523
697892
1127799
392444
361134
1159254
1839845
46152
1038005
506361
510220
2006422
885124
79499
1071024
682369
885854
641500
1638380
542252
1657390
2670753
1655294
861730
1752356
2385189
1752356
2191306
1896969
2238842
2001048
2934859
1803478
987806
2931527
564422
1050175
116696
1752356
419166
248950
133268
438589
458754
105727
1752356
1752356
1947170
1132691
2573507
1804745
2329170
1752356
1266460
1752356
2216495
136807
103036
469732
935451
2177892
383808
1947209
109243
250652
376091
2882305
1752356
12546
1752356
923139
2816
2392440
2218292
771042
1752356
2218221
1752356
405631
1088609
905443
1752356
553256
2975911
2382564
2680358
2578656
1752356
1460447
1263895
936189
2399555
1152297
11127
1934098
1015200
721014
496737
696647
1752356
1752356
1059828
2363126
1752356
2325106
347620
2963739
194557
1107466
673362
2381441
427418
552214
1752356
1662902
1801730
1396265
1670882
848491
1884966
2350176
2196281
1692594
2955440
685554
2211669
1950658
2208818
329687
1379168
967822
1307071
2883148
383636
421874
578078
1752356
492136
1752356
1719272
940717
83649
2806135
2554340
1443964
1921680
1752356
1752356
1951386
2591638
2175293
1175945
891776
1752356
1752356
2721057
972697
1558735
1752356
1460147
2590924
1752356
670300
2214781
896935
1179045
2108990
2006672
276246
1178344
623872
1594670
1665748
651811
1752356
2135075
1752356
999528
1752356
1234412
2343170
904269
1370631
1257981
1752356
1189251
1752356
1752356
1199200
180827
1003833
2053970
2513680
762632
76947
2351801
242206
1752356
2638823
1752356
906756
537956
2728637
2161112
2130242
2941168
2543731
1529075
1211526
1752356
2973133
1368368
1752356
418924
1752356
1427335
1710228
1816293
1874704
474555
2356403
207956
2971515
1446956
1752356
2304180
756030
731020
1769297
1124494
1752356
2653349
1752803
7564
1752356
2686327
2748789
303146
327708
1806963
1752356
1146335
2469002
1752356
1752356
1391859
75221
1752356
830641
1569384
1752356
344681
216768
2336269
1650244
1752356
1511271
299050
747047
673853
814015
196606
1752356
1752356
148058
271325
1752356
1752356
2087059
517613
2439146
1779326
1372299
1752356
48838
2732139
27246
802809
1631707
1752356
1752356
1100550
2219140
2765017
2456139
9108
32733
1512434
2065575
389947
1624516
862409
1483415
1055741
1851278
772141
2826925
1330925
1752356
327680
2529053
2708606
1747517
1752356
2344754
1752356
2792712
2023009
1744219
1015977
1483613
1149017
2740814
1752356
341924
1951814
1470665
1752356
112025
1151871
257433
1752356
613234
844864
1864719
856722
752703
1052813
2229645
2462047
871061
2022170
445348
1225265
1505345
2806221
2342850
1543810
1980799
2585258
1333380
1925186
1752356
2797462
2614940
1713693
852008
943969
2396421
2681632
1662889
1989192
1159905
1647536
2557970
1214795
2462544
1752356
305854
17367
121582
1785997
1752356
18223
2071475
455694
667327
1693111
2003940
1914077
108912
2769595
1752356
2260174
183968
1752356
1113261
1126996
1752356
143510
2095748
494685
1752356
66172
1638731
1296921
2677929
1752356
1752356
1395067
2332143
516621
1752356
436923
2462775
1752356
2530153
359479
1839629
1410767
2621602
1413595
674334
1752356
2701608
493546
1752356
900102
1752356
2003922
1581875
1752356
1752356
1752356
1362965
159512
610525
2797622
1074651
2611469
1542728
308899
1897141
1752356
2872780
1086282
2565727
2044225
493020
1028777
1752356
1612663
2677710
1499166
1952903
1447599
1752356
453298
1752356
1752356
2521345
1752356
1831799
814637
126468
1016292
973082
74803
85847
700498
1752356
207236
335124
284131
2344829
1512495
2883512
1381529
2761423
195497
1752356
348715
2268812
54524
2904559
2386760
1752356
2982082
1647722
2031232
2759006
1752356
2034746
2333737
324883
1713932
147296
1911909
2030108
1748385
2616802
1752356
1752356
1752356
1752356
2955818
2686059
2684499
1834086
231483
2549822
2538201
2323593
1386666
1752356
1444933
2396113
1752356
1025250
1010321
1493959
1510116
1987091
330804
1205978
1729186
1019945
563337
1115906
603790
515295
2755864
1130812
2192753
1738763
1752356
443818
1822919
154202
1752356
1752356
2152526
1752356
2995073
1340037
1752356
1484059
1446243
2422244
190333
1354825
988342
1432180
1976283
359175
2989017
2246242
1752356
2074828
724113
1752356
2989810
2576212
1752356
231266
1015051
2425976
1752356
1752356
2962790
1752356
418466
1996727
887054
599885
2318050
62926
2281933
2898365
117704
2846591
1222452
2735350
642287
1810225
2629602
2273329
2133353
761042
1752356
1752356
372268
2238209
1096934
118943
2786774
306576
669677
1014092
1752356
38720
2669459
336999
2660338
2525906
1641036
321688
989114
1524796
1752356
1589745
1752356
884350
1224136
2452096
2829876
642445
703899
2806223
1138813
1752356
64577
761644
48284
1774310
1924621
1079140
842362
1500189
2640867
268171
454381
1752356
1752356
1911686
725458
1256256
506988
2167269
1404419
1823485
1752612
1752356
986867
1393902
1910848
548246
1752356
1752356
1670997
1792319
2815239
1115490
1752356
1752356
2096371
1752356
1752356
2097988
2082021
2847682
1752356
2042115
2811579
620234
1752356
653194
1752356
257409
1752356
1007878
1240524
232803
1128743
1156939
27943
189000
2423509
947251
2931737
1106711
346262
2944310
901879
1752356
362167
298080
1954802
301875
731912
1874592
2344401
543560
2848323
1752356
2628149
1752356
1594530
1255112
1053961
1794543
1926709
693420
503232
2455500
931337
1495852
275572
1485921
1077496
1752356
1240184
2812672
2712820
1491205
1752356
1138664
474384
471902
1717420
1493177
1697255
858624
2050616
744305
483155
1752356
1320463
1752356
1633538
2509768
1652879
2181524
1752356
1246137
1977648
1752356
1512939
1987446
1752356
1920677
2483170
1839129
1663673
1752356
2245765
1626406
2693086
1531287
1419275
1614313
1207618
159815
1935317
574425
1910806
1752356
1752356
2563442
2905795
1774114
1752356
1462388
1152308
599750
1752356
1752356
2208067
1996241
436925
1752356
70102
1210989
1908867
530977
634340
2694342
1871798
99797
1752356
1693760
993312
1752356
1752356
2296216
246865
1311917
1752356
1752356
57408
783185
892131
1752356
97228
1752356
2733153
2212085
1769025
1752356
1752356
482687
2488613
1588152
261708
1483466
2457996
1808094
1203871
2026246
1265853
1752356
1752356
1752356
18925
2132823
2295502
1752356
1752356
2947036
2632621
873606
2894887
1202441
2752174
2932173
504750
1752356
1752356
2638917
1752356
1752356
1752356
2993907
2790231
2418367
1062027
2253184
1106218
1752356
1970837
1752356
1169513
2205955
1466207
2924275
561234
979057
451188
1231363
2128596
1752356
712252
678749
1752356
1752356
1897246
1354682
2723863
1049667
977942
865826
272235
602764
696525
1752356
1845984
529040
2004969
2020924
987691
1752356
1752356
1752356
2240376
2519637
493804
1752356
1752356
1752356
2089513
1145723
2814224
229333
1752356
997622
1947032
1752356
2234497
1752356
1814720
2995642
766130
1258107
1473696
442566
1752356
29971
1425488
1627726
1270011
1128149
1018235
2782984
1101095
1192526
2989784
2887432
1752356
1752356
1569048
721685
1961500
1752356
1752356
2480845
224460
1757118
1151105
578385
1752356
1752356
1752356
2542167
62650
1717734
1438555
2698061
1752356
701837
1521713
1127440
1752356
1752356
1752356
1752356
984266
692014
2152012
979300
1780464
449005
26298
2970157
587385
1752356
2087893
1752356
1575230
2157671
957293
2872085
2424024
1752356
1043434
2560445
1752356
1495811
827858
949318
200273
1325446
1925755
2742566
973483
1433919
2164150
1153380
497613
1752356
1752356
2398859
1752356
1239238
2562014
1912395
434070
2457447
1668348
294465
1145551
1068334
1137830
89535
1201985
848265
2114617
2670009
2077690
1410199
1860433
1752356
2149557
2785915
433844
319285
634243
2819493
1752356
2532836
1752356
958812
729468
502333
1692610
990644
2928710
1752356
1752356
2689250
786111
544292
1752356
356015
1752356
2897226
2248674
354013
1752356
681961
1602610
1083856
2669472
1752356
1388912
1092579
1752356
2316658
237206
1672572
370657
2409695
1752356
1752356
1752356
2832744
2177426
245914
278718
766371
2347954
2087162
104068
1699965
2630165
1754146
1752356
478927
1752356
600794
1752356
298441
2864474
1207235
1958098
2139355
1752356
2996516
1752356
2937989
2061006
2622223
2541849
1752356
1964192
129775
2299830
2918039
1915101
1752356
2616032
543847
2083657
1745152
1968682
1336955
2022085
1058799
1752356
2794213
1364431
1752356
1752356
2508829
2274235
1035959
1633241
2131205
2576253
187585
1056022
566412
1752356
1752356
723846
1777783
666183
2528746
2483482
1752356
910152
628643
2267189
1056277
1261672
135478
1752356
1353261
2783318
801518
1752356
1752356
1752356
2345116
2889627
1118485
1821404
1130400
1752356
129984
1752356
626048
378967
1484163
1616747
2574957
2572483
475300
732206
1338914
456249
444376
2647711
2504647
2788620
1339200
212631
1752356
239743
2709719
1375477
1752356
578140
1689052
1832726
1267598
182247
811973
1100442
2263047
1752356
2857614
2924671
2976947
1752356
479874
470286
1752356
1752356
1752356
1752356
553152
1239125
806620
765802
1953819
745275
629552
621812
2627939
2548741
1752356
1752356
474663
2237080
1566457
36613
613123
2732505
1670015
2917671
2217536
2753814
2288188
1101874
1752356
2106218
2354890
2075522
324654
273310
1230843
2363994
1743706
1076026
1752356
2399391
2706999
142309
1267957
627106
1583015
2800965
2809451
1752356
2862943
2255051
1178051
1752356
474990
810575
1752356
501122
2025670
2428514
1752356
2324637
896163
1752356
2634788
1752356
2915392
2686632
1175807
2284697
143471
1752356
409403
895687
2818742
1752356
2290344
1752356
1429346
2949778
2384559
832897
2530769
2583109
1225220
2978335
1431314
2361408
2594475
1824037
1042256
288904
17620
122355
1820469
965497
1847933
1752356
1752356
2482789
872838
1563378
2734004
356470
2752525
1384602
1661992
626380
2530881
1082017
1752356
2663114
1429883
34467
2802532
283733
1752356
787598
18105
1562300
1887753
1066323
1722171
1912591
1667195
1752356
1752356
549708
2949571
843194
2252013
1752356
46067
672662
1875328
2065802
1614719
1155264
699640
1462461
2494135
2616513
613260
145050
1752356
2374776
1752356
46020
1752356
1752356
607734
2197708
1614507
2129705
1752356
1752356
992873
1287374
1237770
1752356
1546042
1951720
2985589
285563
991216
2385278
1874849
1752356
1752356
723543
572531
991674
2338597
1985737
1752356
2634889
1752356
2508770
1055254
1752356
1262697
2167102
1751237
1568551
1752356
1752356
1622879
2630847
1770166
2913829
1752356
1752356
2983084
1106132
572450
518919
2613025
140947
2109074
916105
2149096
1752356
953567
1752356
1752356
1908367
520231
2357194
1752356
1860134
2890469
2667339
295229
2747170
1752356
1804061
1925300
488412
155922
382700
1522543
1413125
1752356
2571899
268497
2173234
884510
511194
625354
2039277
1752356
998285
2796057
2972910
1612167
2326067
1752356
178926
2259890
2933349
1487555
1752356
1657575
1595271
443479
1912280
2172690
657195
922422
2984099
251244
1119937
1025507
1727342
1989758
1409626
1752356
930550
1752356
1752356
1259535
307735
1752356
1752356
1300486
1752356
2685470
1353470
998600
63376
1752356
2606820
2463216
1154291
2557655
287456
2085781
1332980
1104740
1752356
953649
1936159
2794594
2399096
1528125
1176701
1752356
1752356
1752356
116780
840829
1063057
2012603
540507
1752356
2226205
370592
1752356
1356639
1111740
1311281
2349323
242045
2639990
1688432
175139
390983
2324334
861162
784391
59834
1854422
2987927
2889664
1990835
1752356
456850
654829
1296118
1310840
1752356
1149282
1520108
863335
1752356
2968950
331192
1364417
1221642
2348477
1752356
2237928
1752356
140621
2578015
1514000
1505051
847011
906624
2062998
1752356
1885739
613697
1122222
2093935
426689
1854733
1752356
1752356
1697425
1940079
1752356
1752356
1752356
1752356
2499080
1543488
2688096
409700
299449
1551901
1032944
1259935
1752356
1725978
1752356
570620
984294
946699
1262811
101511
1096708
1497163
653143
1557317
1489011
1623266
1150036
1752356
974088
1800917
1259525
2087545
1752356
1752356
882590
1857926
115816
1752356
1270653
1405320
338115
1647797
1752356
1653962
1112977
716999
2810217
2428851
59629
398810
1423807
2722965
1871608
1752356
1752356
282772
415780
2062582
1647768
2468663
1122539
1604193
1094807
879248
2854966
748323
1752356
1752356
2795325
700354
1752356
17786
2717384
531427
2861285
2679618
515342
1752356
2718260
2371804
798732
1752356
2083962
1752356
1725882
2018071
1752356
1976896
2694836
1484621
2864508
1752356
229491
1152232
2482623
508595
1270720
2119938
1752356
155629
2367876
348579
454188
1433238
282965
850284
2877043
1752356
1306250
59177
1970522
1248840
1752356
1752356
2483639
2307668
95340
594600
1256586
1752356
1707248
2478595
2907887
966563
1750740
2340652
896616
1207546
309374
2789928
1752356
838646
2911618
2004693
758760
2431921
1584329
2052801
2768745
2183312
1752356
1608350
1752356
266259
1185956
1357770
904257
1752356
1437966
1752356
178944
2475983
2393646
1752356
2755828
1752356
1008614
1752356
260740
1731358
595733
422548
1086861
1350475
544530
1752356
2681635
2565187
1752356
1413757
540532
2835594
1032914
137126
2126532
512148
2885530
2785334
1258794
2398315
645744
2648159
10166
1908619
1752356
1752356
294404
518807
500940
730180
1352407
1096520
1834740
1752356
1089853
1524271
985780
733802
1110900
1752356
1797478
1085215
2126762
2765716
2755815
2914308
529418
1752356
454040
2588422
326153
2936006
1047268
2313352
2503076
509140
1265006
1752356
2098448
321009
1056319
1752356
1752356
950648
232516
1752356
2740571
183692
2599315
1752356
1856913
1776275
1463941
517803
1671789
1752356
919176
999361
1752356
1752356
2121576
1204772
552322
1752356
467795
113193
2674576
2839799
2379048
2869697
2152856
226473
1752356
1118566
1752356
2007354
1419339
139310
615810
1752356
972898
2702966
514719
1752356
1356184
1752356
1752356
1655843
796974
579333
125653
2882212
2077576
2714747
2239514
329243
1752356
2643123
1681134
2935999
2771981
1190744
2448558
1752356
586828
2513587
1752356
925033
406627
2876272
961665
2144119
399917
793073
511169
548922
2102955
665158
200662
1752356
695816
1247853
858307
1752356
2668358
2713901
2232711
1922500
1429204
1001645
1752356
649044
1696281
1677296
217227
404994
1831634
2909770
128085
1677286
1752356
1894329
1752356
1752356
430290
2276658
2118901
40975
2184943
2062832
1155882
1426677
961232
2917052
1780334
177117
1302648
2314831
1752356
2379790
1792205
1580357
2703947
764142
2451346
2411247
969453
1752356
828548
2889135
1730289
1404506
2071154
1752356
2837503
2268075
2245499
899540
272386
1752356
2964109
1838832
1308591
1320348
1638743
1283697
156692
1719609
114153
2737119
247955
398594
609805
1752356
1752356
1856107
1752356
681555
845816
1177243
1775145
1752356
1050200
868480
2373579
1550795
1926234
1752356
1771159
2616567
2962614
1752356
2916277
1601838
1752356
1776768
1752356
225969
1868981
1364442
1926651
814119
1954786
68384
607771
453258
2356913
243067
656725
142088
232723
1752356
1774883
827049
2276211
483357
1752356
1140028
1666434
2597892
1399606
711214
2075816
373147
1585065
1083118
1752356
769722
2548540
1849754
1376246
1345777
492990
2288139
648968
1752356
2952047
2741551
2855879
2198190
1875104
1598018
677938
1752356
1752356
1470835
1813665
1257896
1825416
1553580
78893
1088229
2472008
1752356
2493494
223451
1752356
896744
510914
1815890
2510781
1752356
1752356
1796533
872336
143034
1919456
1738125
1752356
2630724
2521900
2434605
411892
1752356
1752356
2218024
1752356
673610
150040
667424
534158
450583
2057687
1752356
2502101
1752356
1752356
2023155
1349400
2724713
2060581
710344
849696
2959469
2246598
2574128
1201939
1000581
645572
433217
1752356
1431488
1590842
1321661
1348298
154764
1283307
1752356
1764834
862099
1752356
1302169
1618674
856626
1609052
2257189
359671
1752356
818280
1577538
2731410
2825844
2542084
2059242
2042153
2567952
192816
706192
2830806
1292471
1752356
1528544
1752356
233866
1752356
1152724
1752356
2799320
2732485
2796000
2271475
1933169
615190
13319
2221980
1752356
1270855
1752356
1752356
1444354
610590
391434
2264923
1752356
466145
1152522
1752356
2932616
1752356
1752356
1538638
100910
1752356
174948
1122266
1817305
2879824
405763
1463550
1276110
2742568
1752356
2296650
1153390
1979944
991227
820205
1752356
513618
1752356
1346717
1752356
2762550
2460223
2010704
1752356
2167253
297529
1259431
189657
1195472
1752356
36249
1796175
1752356
1752356
1752356
1734007
1036216
2564226
1610311
1933185
783227
2308801
719086
2571615
1752356
1220858
449234
1752356
2129710
2109597
1438833
2363727
134944
1870431
898257
1715980
2879515
2791960
1339110
1752356
1752356
1752356
437662
1752356
934233
1752356
1927945
709810
389266
1752356
986798
2016632
26587
298165
1803331
745897
1158508
2990560
765655
1752356
1456187
2060874
770535
1351447
991583
742631
1974746
1752356
2283967
2336210
1752356
1821150
227987
344507
1426911
2031726
267392
1677600
1629954
1752356
980531
944642
1752356
2795048
1132465
1035487
2402874
1752356
792147
402527
841693
1752356
1446776
610419
2576935
1752356
1391014
944337
2313522
1980787
539395
2743074
316097
1752356
1340972
2549137
733541
172594
2977893
1239861
1752356
1752356
2096965
2024159
18471
1524002
1280001
2224824
2127135
2780893
1841020
1752356
1752356
577481
618795
1809281
2744247
931342
1974329
1048369
1316186
2032456
2265228
1752356
2958022
1752356
2945077
756141
2579158
281678
1752356
1752356
1752356
1397809
1041807
1009893
2464020
984390
109551
2275438
1752356
2490008
509494
2188730
2737690
941225
2344345
1752356
377623
581164
1752356
2411539
2868861
2375494
464505
1982154
2628021
1752356
1752356
172200
1077804
1946854
855634
818252
1712786
984620
1752356
1655298
2817616
1752356
1752356
1357682
2291682
1938296
1752356
1653308
1752356
927033
2102436
480202
1752356
2926347
383507
856249
2408014
1962156
2414862
348256
119200
1752356
1752356
630167
1801596
566731
681128
2231422
1105684
882863
2249680
32904
1752356
792656
17386
2727138
541516
1918625
612021
943316
727793
1558184
2940042
1618433
1752356
2015950
591057
2330086
2702845
1614468
326482
2151793
1461322
2265357
2545477
1706938
1663861
1189602
1752356
839234
1409576
2832493
2390424
1595411
1752356
2055698
1752356
2462420
823579
1845881
1752356
1752356
32148
2545946
1985222
1865388
1201244
1752356
1660334
313172
370486
1752356
297732
1644740
1752356
1422514
2642542
1498876
341441
481004
2759203
587016
1752356
165293
1246239
2742748
1928651
1271224
1625092
1417396
2472026
198571
2444874
920588
1636473
2107335
2734105
1752356
712385
2823094
1856875
1752356
1752356
2549093
2896927
2961574
2890569
1621026
942750
885586
1752356
1801997
2179387
457003
113545
1752356
65661
141438
1764301
2992618
571488
1738600
1174397
1625082
1566098
910112
1135205
1777675
197715
865251
2383752
1296535
1752356
1905506
1725491
1820227
1752356
1752356
1249652
1752356
1055850
1752356
1803925
1940670
1928633
2045633
1752356
1605612
858694
1752356
747852
341842
2985645
2410970
490775
2767850
1752356
2844898
552090
2015439
2844435
1156406
2830377
1869743
1752356
448878
2987862
1752356
2676227
2691702
1007751
2498500
2231863
2456512
1417795
1004423
1016634
1196877
2920779
2273859
1623088
921804
1413397
828112
1881813
2606254
609347
1918294
556601
333627
2157453
933334
2903097
488631
1752356
2874091
2696798
469536
1890853
1752356
2283815
706840
1152876
1752356
2170414
1890038
1752356
2747138
1752356
1080330
1525519
1752356
1752356
1895248
1529124
2647041
1458654
2736736
787589
1752356
1752356
374026
1752356
1635977
1752356
1752356
2905819
2032329
1752356
967236
1752356
2703694
428880
2064027
681460
1752356
2988327
2052344
1752356
2572437
1489194
400445
2607004
1541793
1752356
815311
2904443
1752356
2497321
2950480
76354
1513579
578434
2588118
2499795
278486
2233009
2762984
2728964
2718264
247744
2359407
1752356
1752356
2827377
459172
1752356
2365083
1225776
2296197
1752356
1752356
705205
838662
171066
1752356
1333337
2997849
1533461
2505294
2905120
20650
1752356
934715
778949
4412
602366
1752356
718314
2639212
2998805
1491390
1092776
2267070
1346569
1752356
868649
408528
1752356
1388336
189898
1106931
2309233
1224875
2667891
1752356
2454833
1752356
2597081
1818874
2952830
1752356
1752356
192433
370016
1752356
2339207
1180109
1752356
1752356
1146309
1752356
958222
437315
1968328
594602
1882727
1752356
1752356
1643798
1461224
1752356
2328581
1532787
1694014
1184449
780130
2684371
1752356
739081
2590004
911522
686462
2903541
2961318
1752356
1612476
2177859
2050712
530712
1752356
1765362
1627178
483476
1772331
938340
1056205
200832
3058
2690745
1299238
2172656
65758
172706
1803433
1752356
1692658
1658177
2873909
2256489
2609224
1752356
2920056
1292217
1321290
753118
1752356
1752356
786067
1067944
1089604
1606144
2165585
2362490
986002
1752356
1752356
1752356
2076756
851382
1752356
1844712
609346
2537398
1752356
2393379
535940
316714
2727284
1146925
1752356
904211
1364583
1752356
2375899
2092338
1119406
1090006
2450938
602084
467469
1948304
568105
667151
1274799
1112396
644724
2599241
1752356
1752356
2000551
2492322
1752356
2496232
1106104
2487062
1752356
881731
962566
570470
1752356
348996
1752356
1752356
2321973
782748
1752356
2689786
1835815
1615179
2366477
1145613
1064655
2664759
2953007
572996
2049927
1752356
476674
558154
1051594
1475225
1905014
1752356
1166376
2742254
4675
2448338
690222
2124076
989524
489698
1078974
2571322
819764
2697127
2489973
1300209
999062
1752356
1752356
244703
1752356
1752356
1752356
2340445
1752356
832731
2903446
2903963
629581
818471
2576834
2258325
1752356
2098587
244232
1023708
1820380
1214096
2627324
1501353
1354476
102152
383967
785265
775955
1752356
1752356
2948506
2826779
1844501
2082711
640117
1752356
2410136
1571614
2995172
827416
1596981
1752356
1619291
2866553
2106950
2660563
202530
1752356
413621
444394
400053
1720427
2805211
424504
749835
364516
47464
2922728
1752356
2909106
1752356
2467256
1511779
278164
1921917
895503
1022357
1891534
1752356
2038303
1752356
1752356
1529269
660793
602872
782685
385601
1431024
2366162
1752356
1247505
1752356
1752356
1752356
2465324
2304668
1122031
883782
2081077
1752356
1752356
