1914382
356243
538379
2281014
2982923
2256077
763871
1643986
2094129
1141000
1259201
913212
2738662
701681
841410
1112116
1659037
2472887
1244890
2559322
2794284
2318040
1170323
2084443
2913745
985083
985083
692869
985083
985083
985083
985083
2503389
2748369
1158868
1485785
985083
1114825
1396133
1309826
985083
665657
985083
1308725
159363
1251160
488003
985083
985083
217194
2817784
2676459
985083
322218
985083
656609
1709495
300095
1565144
1639155
2503503
919992
985083
1003043
1190939
985083
985083
1666696
985083
403239
2777642
2789715
1857480
85256
1583811
985083
2341460
630358
985083
1736245
2886942
2430248
2628608
1041996
2335456
1372630
2847662
985083
555613
1975458
2086790
468899
709303
16071
649689
1095864
2879292
1263754
526938
2481040
