2713548
2025390
145135
2517529
1500388
630929
824162
1992641
1293345
2893498
832677
2524839
713850
2218361
2944660
1551054
1995444
1665716
2503656
483164
2990688
2765166
1662987
403814
2753429
2313121
382797
2827842
1289677
543044
2896617
2586714
771505
615686
1349075
2755102
2970307
1070575
635336
652360
719950
887724
2155185
2851687
2504337
993058
85434
2748615
642326
2984578
521384
865034
818691
1866916
2812308
1852071
875884
409284
1757303
2828659
580046
2692967
1453562
1986842
2162084
658421
496181
776417
2877876
2375681
2662794
1297780
2557646
2031077
189764
2008884
2182558
2154268
810811
2588870
1349067
2448332
2275889
365304
2552395
841628
1261515
2307473
1944026
2178504
1195101
1328523
2469592
1632599
1576457
878848
2073667
459719
2896092
2575095
1154582
2823813
131418
2403376
2301521
1465961
2464460
1033716
1558649
2034337
2614888
875214
1218569
1337583
1808920
1827478
403121
2423866
1333745
1534241
565704
2735607
2337805
1232106
1099163
1414764
1896311
646278
676013
871278
357754
658654
1876476
101076
2358038
2981886
512632
168329
878830
2173457
342794
1057683
1425938
982611
741677
95838
849268
274490
2135648
72440
245802
1300367
1554779
2129804
1067283
1679275
418206
2264205
1443768
882226
2492023
1142120
1866627
1012547
850830
1023113
1644839
639380
456552
2716093
419871
1773890
428177
1851333
2094634
2804660
1949898
814942
1611371
12281
1307967
22034
2657871
814403
165144
2196373
23344
1894998
2027973
171991
2742629
1770698
1488955
1903783
2707667
423807
1241000
915687
2071766
597725
1944239
1865248
1892520
755514
106685
1224598
787516
37198
394146
2361745
483848
1062193
2249526
2620368
1816495
2737040
2525089
2916080
149662
697041
2315176
2840840
2241405
539649
1640343
286453
1137547
1208929
2693996
2248369
2218355
2528611
1867984
2865052
246333
2702360
2433351
706220
1804713
373613
2094976
2147262
501374
2060760
2308555
1250947
1595362
1645038
1926844
394804
1136619
546044
325670
2944826
181640
349663
890416
676187
1263559
424372
1454670
2852598
496856
1556489
2944933
2811973
1190979
2336896
1123324
2311421
1978788
1811217
1441723
2284590
1259678
150579
2326298
1227820
2254521
1550281
1734611
1912522
642434
1087413
1860285
185442
920668
100967
2870630
2276376
2223403
2987849
278920
1458212
1307576
1501927
2929507
1069341
2185253
2642561
2617001
1820246
2477899
1480425
1089096
195158
739759
772729
2590454
564471
2396087
2302192
2714220
2897628
1445334
1906590
1692880
2272916
2071536
2901642
1171280
2794086
571852
2452488
1851778
185562
2068184
2220423
1571053
175915
1202585
2513799
26042
916605
1497219
453948
1042184
2791993
1143602
1499594
1449277
2014197
1251586
2267740
2754334
1653821
4013
1270092
887061
1835652
973740
502683
932942
2475946
2245613
2229751
2219009
2287144
230084
1485390
2008242
1528789
1467695
182524
1775986
1703219
2107434
2847567
1105445
874152
2882826
1552831
1226667
1437135
872489
1451368
2049958
410756
1964211
2749193
1780327
978925
2107553
2756820
2038004
1269995
592409
1667782
1448231
2497255
932989
1942470
1470209
1425924
673635
63414
2718273
494910
367112
1052746
1556345
293814
2608806
2504943
337394
616397
1506559
982203
2690572
2904098
1153463
2970124
1262875
2371190
2992335
912324
1090828
1929878
2508302
2777450
1727570
2503100
111999
2885764
2184705
250130
1502383
1565808
2870259
1542620
694904
346860
790999
2896792
2765293
929039
2449877
2491703
2797658
2366691
1012642
1094339
2195388
775657
494304
2629404
1900390
782764
4412
2587460
356825
1731351
2601068
2523056
2686611
1607501
2475903
2358873
238648
704849
1380776
2327599
1566936
1525333
1125790
133210
1028118
2000621
57298
1896062
975635
1617476
2201615
2635586
1905015
326721
2583605
2299299
1441253
639257
2333372
1807907
1934411
1860366
992655
524646
2135755
2864293
1732729
159248
81709
2413154
1409956
647648
495078
1276886
1387043
2682127
510807
806888
1561547
2722120
2741501
1098790
2118150
2442607
19871
1515722
1535653
747954
117650
295853
1091103
560668
1869562
568927
1108668
2341227
605197
905810
2103812
1573997
1481241
724960
2253462
167871
2765272
2715156
14258
762623
861100
30373
1472863
230839
2260045
2653199
744450
390614
2516693
2769964
2739454
257535
1700593
2693612
744708
1306177
1868770
1536063
507679
2589104
2210374
902874
680274
1207331
1247542
2746839
1278593
1317096
789569
1106343
2419039
785798
1190721
1148559
2664259
658073
445818
749439
999999
962025
1998673
1512588
895065
2250572
2239284
1178585
2509431
127445
2433408
2827302
447784
2415376
1444904
630995
325278
2751531
1130958
2205651
1685698
1829442
641424
890837
337846
2387782
2554576
643545
705844
457939
2425459
2493052
2149674
2628178
1478789
2363605
530994
760826
2907849
697132
2990694
960950
2356752
2815214
1549447
862219
2979060
1249232
1895940
574787
2828673
2907116
1868150
750249
2108217
1301599
2561405
1407870
529647
701617
1369495
1221683
462341
1777622
2482274
598561
81380
1690894
1748540
965802
1433536
1011602
2598423
759544
1403039
953824
1907100
2585774
113051
1151947
567241
1474015
2881749
2957363
2037671
1793418
2953369
563517
2325297
887485
1821043
2300462
2138154
77182
2341262
2676043
1548391
540545
1972874
1835912
1352540
2807274
1920298
147300
1778631
2112469
2514233
1979325
2087856
2830661
2033229
2708176
661932
2590358
1005778
902444
2537203
284936
1020751
1773395
1518411
1964550
2852218
1318423
187771
2107208
207091
40289
1767977
610192
2706196
2040273
907999
2635193
1246414
2458785
2302422
524047
979765
1416772
7617
1840587
1296333
1706396
562095
499746
1121963
1280591
2378260
1565079
1976223
1771991
2076134
1597215
1150371
246474
778877
709509
1044297
1788039
2324366
388930
296641
2472440
983801
98530
1889412
774302
1365162
1010340
2655151
1272481
2291115
2271968
2959512
1108985
1419649
1534629
587526
1020016
1871065
2780688
2038716
2404774
1885684
66914
770132
2315421
290550
159765
1038171
682963
2786
275107
1986929
174071
2272498
1333171
2751154
1814805
390112
1461874
2886182
2206318
1474962
718594
1122756
923512
1804842
961292
1510015
1431930
1270170
1498568
1752254
1832184
667164
2728664
282145
752508
2230495
938308
1974681
2002646
424384
1868568
69509
2421556
2809292
2241231
883273
32245
2379206
221403
357935
2874387
1073159
1696764
2395128
1284887
1155698
1670344
964810
2459093
2527000
1124119
283880
1879089
310642
1262733
1870917
2135560
401499
2412566
34102
1831423
2792846
2825131
932883
773704
2978642
2349882
1192275
2633793
83896
2319637
21774
2572932
146699
404658
2406667
563461
2574804
326155
726545
999361
585596
2982933
246405
953869
1729521
1888780
866624
1759321
914150
126544
2062804
855480
2872979
2427367
2974236
170610
1624500
172930
1711759
357576
2537058
2875409
2625200
1246879
702190
81846
2988421
586297
2649420
1280633
2166613
2045142
1884271
1179613
2504127
1479908
141944
1428769
2091633
172889
145466
2644943
2168402
2150050
2482194
2085357
38955
299891
1860914
1418882
2483637
2046498
2314341
1580222
2028949
2713063
1518868
1495847
2151528
2112876
543437
2889815
638679
2156944
537465
2572613
992845
2322365
2665363
531644
2532422
1179865
2882952
2990736
1901254
1429205
440056
2359235
2093806
1063803
1418470
1816413
1238934
2658756
1253303
1780764
11998
283984
1052624
933311
2456972
714658
892936
2151548
664946
2550319
2110259
311248
2410588
1747323
1382101
326784
2828612
2673939
2706142
2712159
2706756
1876268
1835553
1654373
2583766
1527499
567693
2036063
1693459
1637796
493577
630566
1431246
2791113
2079551
1039082
603706
1719335
2689667
2535290
2659374
2267427
2574264
3983
2430519
2237451
2302061
237271
512761
371966
1296917
236035
1499996
710930
1332233
2457215
55843
2638952
2504662
2776375
1924931
1268376
1048536
1428314
2397320
2293230
1560830
35049
274460
2671764
