1048360
2915767
38954
491485
2563111
1423681
1712612
1094547
332276
1846166
1929578
539221
479281
429196
141842
2252405
859801
2692789
1790301
1528635
2833239
1643465
1269750
1425950
1705361
1650470
1626520
1849457
1164362
1546843
2706160
2133394
638379
932218
1686613
1483033
1687273
1976499
1493693
1432585
2740249
105565
848978
2703031
2304101
2806137
409081
2868829
2010824
808921
1904226
320314
317149
1728444
2585103
733232
2508420
1197786
2488494
2896140
1211659
89796
1620919
833829
1718748
1919335
1602980
1619336
292806
2040380
2081370
2709547
915403
2481182
249227
268825
755561
2200158
1030580
128245
1988490
2165494
2976121
658368
2581834
2652009
2397755
1948322
1678700
536142
2814607
406036
378304
2428184
2695414
1496301
2880504
2376735
1906578
2829510
1690368
2573269
2700997
2233493
265456
694572
1495839
1220832
1823443
533894
623440
2805431
908445
396118
64277
1774621
129536
2866835
45084
787302
842193
2063277
2870498
2073729
2376301
1235889
1966970
1705809
308338
2311667
521234
736996
490033
657488
2038518
245553
712752
2450685
2548506
54172
534284
547401
929202
377752
372856
959199
1296277
1459933
266444
2239731
2866984
2609631
1620918
51654
1516467
2179710
1965981
2828367
2987500
1991765
757249
1470916
1235426
304101
2085851
1347840
108972
288077
1449954
1608176
2049472
2174050
976871
921525
1183339
148932
507922
1148599
499594
905628
2050350
500910
316339
1038221
93777
685290
2091914
633417
1985280
1152304
2984402
1776951
1427447
2344909
577438
2370888
1907124
1601336
249730
1850908
1154118
2232142
1377114
328117
2816588
939231
2438342
2890266
2217731
232571
1646122
1732333
223200
1482964
2578947
2548056
1416338
2309588
2601372
1353792
637642
2172220
920980
342267
1111280
2421066
2286158
924501
1440240
2666232
2961864
365192
1300389
75889
2379815
2405560
1064493
522053
2254649
1416432
1107195
1700615
2289487
83379
1183982
500621
736503
2421531
794306
2952032
1297796
433512
720541
201111
2616230
2202202
1475389
169721
2978963
2024204
2114876
1982493
861984
792495
1419161
2572578
715247
490031
2936552
1325252
911629
107884
383855
609751
1556237
442237
1910892
2458256
2704175
2315200
544867
264191
1692088
256260
20110
340161
1529619
2789840
2635949
2018261
2482710
519857
2984232
1348344
950983
2851814
939835
1861187
1226920
461268
264092
2198503
302142
524117
1580135
2892491
2315177
1568040
2813604
1463025
2129259
1253148
1605993
1907379
624510
1277623
1813679
2054224
982935
2265947
2713363
2113546
2671644
465516
2295670
1583769
879815
1271524
1008153
1279229
1163371
1170231
1695114
2312545
2306619
1904562
2830913
1203227
1357205
1928356
1910287
1685404
912240
1686721
2862689
2667719
484046
2472029
1464346
164962
54439
1807243
2984645
2813208
2653175
2596988
2370049
628423
1173620
2162475
558753
1815920
520917
782700
2681844
12333
838065
578380
2806995
145138
2632999
1672523
175051
2705293
1823977
706751
2287503
2725900
624800
168210
1242617
1173973
1929178
2105247
1882441
1016101
2147757
639993
2436306
221851
556223
435899
447981
1623885
2071987
1937155
2670359
1365243
2059308
2664504
1425157
1862780
2240853
1608339
2980250
1523271
872106
2954912
59843
2214603
1265101
1094195
2115933
820585
1252856
395541
493207
1375700
1460792
833211
2289169
2391564
1345941
2907144
1190239
1540097
2644213
1950594
1336271
2589511
1829891
2525830
160058
36823
666910
667143
2741419
2135526
986956
723449
1622205
34492
1846297
757114
1314348
418311
2091937
2897965
802391
627740
2295032
2207845
2358754
2038911
1914848
953213
96277
497178
665925
241821
2290251
1922370
1427588
1313697
1477547
937444
763225
2673318
964925
1750098
1318507
1795584
2248616
1111149
1283872
2902614
1629033
1120847
646725
584653
1847631
2057129
42870
2986247
964092
4285
1991426
1487325
1664724
977611
1387629
1917749
2587189
715397
61486
890511
1683865
409493
980149
658624
1754318
1349835
1584348
1821377
2053722
794479
2097442
465846
828261
89045
793361
597184
2812368
372477
2717697
448818
2728828
2661635
1893715
878103
1910922
2432606
304654
1893141
1994873
82988
1881750
474634
837395
601702
2429454
519022
655062
623615
462323
513043
749661
2253621
2835545
2836865
322489
1759674
1044615
1442009
575675
2153563
2712976
1042664
2506032
2095661
2942687
2785517
2485504
321323
1135990
1838957
93232
223030
1648496
1148543
748479
81394
427647
1523445
1961820
2519856
2735202
794220
1043498
1873392
1390311
479387
2294597
2908154
93276
1862965
145549
851752
688846
2231589
2488991
2934175
2092600
2697941
1784777
1009878
1547219
266549
2956857
2737417
914889
1500682
2166378
925795
1173844
1559302
1638962
1898957
384528
2419859
1155409
2385309
2231753
1436020
2687141
877164
1857626
594572
835333
2740646
2769073
299809
1959647
382428
2828629
320477
1652308
388878
1926526
1086645
1479301
2206409
21685
985257
2201811
616898
510984
124745
1317357
115902
1373881
1847575
2820902
2138021
492897
789051
2405505
967413
656963
1020273
19973
71626
1358420
1494636
1216110
1564828
947329
588451
654706
2689387
1891319
2721268
864151
116752
2736672
2390725
590665
1247892
2904810
1151760
486607
650330
376885
452879
1898410
372069
1086235
2049489
588115
59171
1504957
1152805
2003323
2532480
496871
2614837
2019027
2242148
1046743
946188
1739385
2524990
343651
1150381
498873
54791
2049332
402518
1414769
749189
1693292
2369951
1111503
30687
2646232
495655
878673
64812
402059
263529
881343
605656
748067
199223
2136961
2224175
2625686
1568446
1312834
1479340
1991449
402808
10821
965310
991236
2423090
1302996
1023649
1016695
1515114
689528
1298664
2589658
375828
2294863
2002634
2940130
2380576
1813276
8606
2389895
2712455
930374
2446170
836676
2708819
281382
2884497
541087
1886427
1148870
1735223
1534543
2365318
760090
2216270
176089
891742
86232
660797
342916
2612046
663322
630653
2441743
2895643
2708859
2572587
1126482
396427
1788245
1439698
663378
1831205
2145322
1798971
1178208
53458
1170015
78040
1729551
1852091
2041199
1047242
1902986
2218037
1509610
343906
107205
953060
511715
2302600
271812
1804320
2248805
399715
669304
1083021
2936639
2172053
1499908
1886595
2267173
1537915
98578
1758692
2140429
975817
1852722
1828135
2752336
1646786
2556784
1938978
1463205
2047925
1522617
1800462
1823249
1153415
299590
1852282
61114
1376424
2308315
253526
65542
276377
958930
1756120
1109456
2439368
1875979
1941191
543340
727108
2372664
768672
2442829
1739661
1365697
124795
1517203
2094712
1327215
2217579
256768
2299356
1432817
579457
1488142
1547295
189674
1041552
2119989
1408213
1773624
2543948
2549048
768302
2473775
2443577
171580
2090894
1135703
1811514
2627675
2522800
1767071
1441581
949360
928396
2473731
2519110
1281749
1804273
2968013
690149
2074267
2840088
2007126
231642
1049516
517782
990187
2315769
1131351
2063517
2748731
2098360
395778
1628610
2079397
482104
2553602
2162084
776985
568545
103425
2177753
2283021
1958724
2737649
1544459
559893
1736540
679272
2146555
2966666
1655401
1880948
2964328
1266120
2004486
2395953
2956518
694284
2999978
2671355
237144
45378
200636
2228251
680831
1845675
2182282
1125507
2644257
538837
2827039
2742938
2785454
2883135
1478483
1351665
1754284
2228372
1408154
922359
1547710
2192888
1049661
253080
1503613
23732
2111885
297722
808255
821347
290734
151547
1255738
2503048
2843714
1473318
208628
1463138
1378120
2860963
549691
1320720
564130
2025673
2018575
1578526
1403109
810343
2644334
299943
1708044
499315
499162
536935
855274
2935888
659519
1864112
317757
2053614
1182180
2162902
422752
2394269
2515775
1734099
2047096
2841192
694565
2968174
2025864
119844
2470147
1200233
1581945
2036069
2108674
2806373
1464859
2407300
1232675
589718
2825741
392929
1584390
2988755
172313
1639389
2792772
2384182
2953634
195667
1985382
804367
2691277
2256402
2505106
1593357
2752992
2611184
1955492
1723524
1335623
363628
2145481
2123813
1036612
168233
2785456
2457556
705082
2462571
814834
678712
2374968
1433958
1005907
2785121
1065727
2014934
459133
1705631
1814040
2415998
2168003
2981780
2383291
2546708
572888
787405
2427351
1031841
331329
1287587
2378573
2822076
1694332
607516
2643642
850351
2480713
1153281
1778437
482526
241923
1299227
2172440
267549
2664463
1503171
2095654
448718
1607710
771289
1030454
566110
2210656
1978392
670590
1942639
1706575
1161586
448833
507639
2846867
866480
810006
1220968
1719305
2780216
1787788
1955390
1199993
2474213
1911787
1153074
1040100
27401
1367015
455174
2640661
2719186
1432786
1078838
568290
2476070
2529313
341992
2553500
350769
1855123
371508
1418615
476650
2165134
78858
1681658
2220988
2315044
1618155
1517334
2441176
91523
1149364
1253139
2197690
1474764
8787
1003302
722326
2261252
113436
613470
951404
1709892
2716741
49744
1935123
1092202
1925035
325047
367829
1672627
567594
1020025
1103856
1415552
2740661
805858
2549381
1491499
2539335
2742863
1354600
681751
2765063
319698
2210161
1169992
2365722
585320
2800835
1139913
118281
2720876
730747
2932231
1195953
1857013
1331168
278836
518431
1486209
1189221
817
2712632
1652549
1666116
1274243
2337390
2580366
345325
2308631
2398497
703901
2749284
2818008
2510536
1535224
768689
1586445
1779155
1916878
882137
1390693
457877
1827383
1639214
2020890
111576
2271333
782408
1556135
2719300
1588799
1328652
2142955
1724205
1750154
232952
1515603
414562
1508219
1952972
2585299
2536636
2590754
2991377
2073012
2187056
1979051
1259077
627722
2284740
63139
2871972
168365
2432728
2904430
213558
2298582
2592853
774357
2734025
1393981
1288535
2897087
859245
635970
254367
1428517
1247357
1181927
1616169
311595
2364311
703352
773386
1512126
2668931
342527
234197
2678088
811251
2372594
2043237
1197144
465916
1999287
2566451
2642255
1153890
1060406
1022824
453587
2302974
2695214
162448
1424314
1960061
1036727
1474145
281259
140942
239720
1917077
79335
1367473
917978
2506765
2137017
1383689
2060634
1986264
880693
922686
2298105
2559768
2970012
1144680
2072076
1194615
1725759
182928
803879
1577137
433543
1835822
1374647
2648939
1962552
2203219
506048
1627807
1171204
625201
946640
192389
1151716
217971
1904560
1532545
2206134
1266856
780585
307851
187721
91652
21205
2212652
1353391
2815830
2579591
2967600
1387737
172708
2900308
1501584
402027
985992
2207293
2496002
1148717
1828269
2951273
845049
2100422
475305
1378297
2842236
1587637
981281
2625817
1326802
989917
714888
77703
2844119
1236684
828709
579573
1469809
1748020
1786072
2036527
2044642
603247
2396293
264693
188776
2705425
1562875
1205482
1610869
2535476
1994974
2903039
689655
2906827
693519
252518
1366743
435288
351226
2356128
1991080
802668
1833049
1029377
1655249
1982707
447743
2360813
1939489
830575
1918113
1769026
2011160
1274562
637467
1874295
281899
1257480
814083
2891092
783497
348118
1491212
1795410
1523885
2201273
1664812
2529938
1628205
2562822
2822338
2022672
1112437
2280076
482590
849912
1282117
1787008
2811508
2796295
2711125
1569705
318802
2189079
2212826
450091
2414082
660155
2082365
1398069
1105050
924457
1261992
732874
526642
1847558
1256070
2587248
1018813
1779371
909070
2888593
1333324
2719912
1157063
1009464
634302
1242544
461812
1095442
2612290
2991121
1211104
2128500
2753108
1790653
815904
2908117
1095322
531246
2150114
2956965
1833498
1920628
350642
1992582
327483
1272062
2048658
63169
1922745
390854
562608
1850616
14831
1427734
2085380
831725
2828531
1590647
899545
2841807
1537081
2713232
1548513
424580
663911
2706903
1107208
1158169
311245
1499413
1472848
2523455
99032
842133
1145217
589720
832722
2819503
909562
2477521
1307716
2534054
974457
529009
992377
1679372
486806
1762361
2584145
1241279
2159263
2609652
1943850
65476
2022990
2300729
885201
379440
1111590
2832513
364153
1786820
2383803
670017
2598110
979490
2676981
1946408
1852935
937452
2171463
1057232
2185350
2063170
2837475
716031
994863
602072
1373440
399731
593229
1582738
389742
114623
1611151
2699801
2319298
1564833
1399022
2615088
1267706
875184
1490853
2201576
2173129
1929081
1271082
1288305
1295120
2526141
1310934
1920319
1275471
2587695
217771
210352
2096376
2699637
1252859
705709
180198
1533676
137402
2171900
996489
1235365
699493
1182475
1645185
573585
2973562
2309982
767702
459271
2632848
1719549
1664849
571043
905437
850020
2872479
1152406
2492702
1129134
653473
1654236
1040909
2563099
721247
2269131
747102
1855318
791781
1957875
2304514
1921487
2558079
2556147
2769142
2230926
2861479
1290726
625416
1956869
2222162
179254
665524
1175590
2100864
718315
926365
165221
54154
1236653
613215
1525570
2946052
1521109
2523081
2599240
777117
2050740
636744
2789222
2874960
2310634
1900992
2780051
2878711
1485098
2633555
837666
1937193
111306
2324944
2454753
657571
2622904
1456418
312305
2986017
920202
1022634
1665693
1081526
29342
2414588
1518863
1277237
1184184
2695299
2208571
639000
1395778
2915639
1281519
1133745
817614
1689520
262538
414694
2289183
2077563
1492043
2823699
1599389
587468
2907730
894868
1201202
1373781
2260370
2841834
211427
430830
2822695
2909756
461966
2083555
2753580
1162435
2157558
231973
2461092
476544
917308
368373
1817291
661789
815073
2413401
1584708
1388899
829866
671340
1867191
327957
957219
127814
1895795
2164542
1937482
2219783
2281641
9128
2281906
929721
1558064
2820387
1755152
2842807
1061842
1179868
2230693
932118
1505804
1284727
1031148
1510855
440906
1879483
355568
2827566
2859678
2816989
1222155
2034182
271103
2064753
892366
1373200
908992
1571180
392560
969912
1946265
2538980
54280
647546
321550
1402828
2875462
170135
2417215
542931
2063669
282395
607270
77815
1391309
2085168
2062685
537039
2941421
2047708
347855
1657521
920445
2443018
153853
2202654
114972
352185
497020
116283
227520
1038584
614754
1157842
1270217
302094
1808421
2170535
2799864
1409432
2642701
1462447
1386075
2107019
422962
2932907
2408116
98425
2118083
1704823
1659572
1394814
2122509
2610820
101436
2564410
2154384
2271777
1282983
1644470
1014052
371511
2399362
844779
1173675
466547
1187333
272517
2070469
1898466
2907901
2423747
1945054
1239174
607963
2927683
1710043
1001166
342613
1338425
2114731
1574433
1160733
1784726
610213
1570534
2720709
1544845
1481470
1732340
2403124
1339887
727884
2238402
27768
1138819
2355875
1131288
244732
2781085
554808
494300
2128366
1422973
273483
2558516
1166504
185452
627610
1047572
2358955
2891773
2236592
162394
493203
1594899
1295136
374251
2387090
2747272
1712438
1978125
1881645
1527196
695688
2623971
2563583
2622433
2236622
1807579
1800095
1398518
1499262
257034
590146
2173025
140989
736625
1087436
251338
2379646
1575582
2363639
1557822
1000803
1484359
2635001
929741
2195624
86946
1315177
165092
2008225
2120164
2145911
1230260
712907
2983864
719908
945181
614846
1088363
1529093
2196240
337138
1457643
1947759
1710117
1731115
1055362
169197
2799586
1800024
2389611
2694433
2410166
1810241
1033427
464660
2692880
1124816
1412148
2250295
1890735
2685214
2913312
96082
573179
2566889
187077
279201
1591972
1182555
913038
2438688
2736297
1466090
2542668
518967
705286
908721
2642393
995187
1166321
685408
116448
641504
2432635
2175417
1176141
608855
2889582
1108964
236309
2896124
1794861
2521474
2320062
786239
1541999
351533
579658
714952
2785663
416602
734112
1959508
169502
614887
1991097
1484927
82132
1790118
2075895
1486523
13688
195137
1447915
1254263
1818184
2533003
171339
1087084
771271
1676114
1826895
574903
66719
752889
2005168
2536413
1303504
1673260
1005884
577666
1937161
2874478
350781
1838804
1960335
121838
2491548
576008
2681286
2554742
2332422
2698272
1536691
294072
1310521
1751735
319181
2998208
1350497
2742637
2026581
2224674
1448128
1169257
451185
1105962
2903455
2166346
1161174
570725
2997224
841761
1945861
2689084
1321392
2509434
2256532
2210263
2116993
283307
710313
1751704
2586683
1177956
880748
168555
698804
204318
812689
456035
2523934
1939291
1231461
662294
1787829
2710885
2177104
2695091
2276169
84510
1438903
1450828
1620730
463618
212513
271192
2586022
1722190
1404524
717036
730186
411962
2522604
2985909
2624035
767248
2008371
1694406
1760368
752776
1649422
2551793
2353239
2841053
641601
2348605
2368592
2318489
2546229
1832895
2577212
1554467
1288973
1728388
2499062
916813
1802640
625215
1679568
1885483
390160
221092
2533193
2287048
652332
1175776
348802
2209652
1496231
543238
1633689
2790585
2887746
2011022
373626
396770
1394957
2523359
2205046
1799089
2414237
2914652
2914223
1656873
86064
734994
2414427
1571643
2344834
2782978
1513885
1013238
908019
791819
791133
2917974
267079
361466
1025858
2290577
2457327
1638975
43244
2940543
2572863
2666910
2217770
2596906
2713725
1147559
1584864
182571
2247464
2524451
19003
2811304
1170567
2180420
2895230
2455480
1538532
2129389
1900335
2090295
1704198
1577517
1307827
738909
954856
2113492
2503273
151199
2250371
1666929
330058
2574328
1120434
1221717
924220
461192
862493
2959965
1429644
2195168
491596
2787013
75123
974262
2250763
1549203
2008941
2792125
2306349
816778
1908514
2535749
367738
772215
1551672
503848
171348
399394
1004242
1563031
1869925
1717475
1656232
2552099
2360818
2111186
25087
648742
2213842
2040748
1072421
889844
2239346
711845
350671
1940468
1113579
1028852
2163296
1400618
1386463
226365
1355381
1086032
2941832
1803464
1438503
354645
463775
990381
2739904
66420
2184862
556162
2721793
1073326
348629
654808
2812706
82470
882688
2221566
2605871
431433
1465307
1936619
432126
1365812
1008040
1033589
2112889
1265847
2343917
494778
2828282
1308672
1070951
375093
2764604
2107378
1601507
95586
1524959
1726173
2216170
1888109
53983
749514
2801654
736904
1779510
813665
1876397
2730275
2230423
35862
2121523
2746611
639158
1054966
1633311
2550954
2095879
2436721
1814981
326454
1271753
1970543
1628381
2154984
1046195
2266371
548738
2133771
2127804
2911346
1641354
617421
622225
18673
2618505
669905
2172481
2955330
2199801
2146392
2702882
1344666
2670498
2586714
1961923
33080
522555
1568299
379853
1158010
621654
2321441
1060847
673089
1571836
2125312
1753403
343537
2529992
240859
1527570
2777328
2636515
1951113
2896774
2549573
1886394
2755820
1237007
2000285
2417609
702833
2453995
2407512
1797802
1650036
778231
2230328
2148447
2550894
2114046
192025
88508
416034
1946441
798499
291695
2023030
981655
316696
1079388
2440331
882760
1544769
253536
1631314
2276801
1378399
505761
2115608
2149406
321712
1745708
2867994
342740
2298814
1697866
768921
1790719
868151
1713733
1519276
2530160
2063954
1367733
2656347
2602028
750699
563707
2685170
2067634
373485
1928271
1278506
718725
2866507
1359886
1598335
193619
2137509
861336
451104
1983213
2241643
1889055
2312028
2516158
1946338
1602031
2378618
191593
1841613
2647575
1342886
2147120
1816923
1026247
2327951
471397
623935
1309858
1578476
2351439
133553
1601629
1425756
1127082
1769542
2142591
964667
991704
1884351
2817594
2516282
411881
2025329
1181157
1857414
1997042
1600879
1732834
1189933
606180
1535545
311310
416632
1876053
256711
429603
508345
318527
2459118
2661290
1106132
596217
1900444
149328
1980106
1047662
1304339
2645702
2609931
2986654
277295
2266571
2842113
1147725
1521380
2950507
831686
1645965
2704689
1802171
819605
2665589
810809
1268736
1372647
264666
2530835
2408747
872529
1717763
2858822
2957201
1173359
487197
1867936
2770520
889259
133640
757393
111867
2977344
707836
2544205
2735118
1709676
782709
489676
212299
929783
2523786
1240000
1426454
2759646
532657
57350
314133
2450644
851226
1473420
1158039
2294166
2492533
444626
1540186
56477
439870
1311700
272925
549026
1377204
655674
973124
710849
1888003
922664
1199574
1179210
449674
2827806
1996410
2267553
2583944
735989
537343
286344
907178
1994788
2812701
832863
2573227
2026632
2591850
1541888
111062
386282
1502232
2930874
2670054
867949
2041282
2785438
2937810
2689016
14493
1362614
2224505
982509
1185727
1907114
416958
2543212
1956905
1329278
2525461
838215
1185015
896699
2204285
2612494
2398490
1598635
875733
1183557
2857232
2251601
2565516
2640928
1719078
2891597
1075793
916436
1123815
1989915
1935349
1017477
2100535
783232
454772
1848771
1158392
2383678
2046524
2617462
1830380
249651
2474354
2419290
168088
216112
1506558
2144687
2593854
2794964
686556
1911886
2863540
2282906
1423513
2712729
1648831
1714235
2329795
986555
818548
2275742
1321867
136443
2689138
595526
2496532
1801199
2273871
1382500
439290
2319093
1396040
1269601
1338654
2890141
435632
2631306
2495898
572827
1511871
2111475
630844
1957511
207224
1354860
941894
1550612
707816
2721340
152359
751858
1467719
2978782
573470
2329628
2767344
2414190
1636007
317349
1296522
1269175
2769237
1709172
1137308
2742878
1331260
1765282
1197009
2730774
1865157
2647365
901853
2992596
2384301
203335
1453394
864649
2242915
2097081
2568023
510711
2210176
2014066
1141625
2873509
2492460
1970335
689492
264357
315660
1896398
1861570
1386090
9250
2315338
13859
2431397
2024592
1012328
2486790
1027448
2435952
930049
852980
857384
1787276
958944
2187233
1256385
2873463
365994
878502
271802
1523860
1872413
2615598
137215
2783759
69388
1835083
1147349
229837
823200
2916443
1068522
1306769
1228344
274237
1619090
2815065
1246024
1786344
558270
17951
2928766
959956
1999939
1263697
2543519
912731
1960569
1290324
1700055
1087716
2328195
572903
1676344
1261547
93196
2058327
1088040
2940431
915596
992259
368400
2933811
112409
2288498
9960
190010
2718266
2070934
2328647
2389291
2973908
294052
219973
2945914
939534
1001757
2737205
1179693
264021
2383793
476874
2512899
578542
2407910
2524660
2939766
2268822
2654359
2105817
193775
342659
5541
2174344
212253
1901391
2995693
1025935
2724797
429610
987386
402590
931137
2887163
186737
1785097
469
1155485
2133416
1282716
1578631
212909
1804707
2134202
813704
2207710
501754
1204473
2648686
2120459
2247409
1149588
409352
974625
180483
1686903
422098
298420
1276136
1093994
1998226
1052528
580920
1486095
1417191
1678891
1571633
173234
546079
910363
2468003
1461726
1435776
677959
875398
995059
1554961
993805
1521315
1619662
1481926
586374
2771966
2217458
1429570
1193891
189575
2632320
1001535
1799936
468674
1549164
384985
2629024
1920130
47926
776512
849944
2350534
157948
623723
724307
1356965
466549
1495792
1402137
2962683
1558662
1215983
763604
1892678
2347455
1863679
588294
875696
779321
1637474
2700060
742996
2448251
1553234
2659344
810803
1388292
534725
323588
2600779
1178395
922178
2159128
2383897
2424860
2544206
63473
352022
2850114
2126292
916239
1646742
2354502
1353048
1285124
2260887
2770232
816241
2896777
1113771
684606
210547
606481
1040396
2754023
73554
2049116
87077
2721644
475518
877581
2779311
518959
2977682
1747570
291282
2725993
1867992
925913
1894200
1880146
2193833
2188157
868951
143741
1147932
1809454
1857584
1336240
2573308
1933965
1531748
762532
2835128
2723572
991647
2377040
1902400
1738392
1769288
712019
2687506
2177337
652388
1322960
504435
1677600
1230301
371584
2287930
608000
705626
752789
819340
2646511
1796179
1694021
550003
1502944
1217484
2384756
210763
1930014
2899136
1314842
1275325
1867245
1345273
375238
642308
1650311
2072876
1419996
104943
2661050
1619307
1880378
212966
1049659
2507825
373028
818900
1422128
1570436
388344
95498
2289056
5460
2855392
2176354
1323234
513381
2714151
4397
1582465
2850718
146310
1420553
2294444
2024525
1957546
328355
7307
1792008
2185600
1456020
1690012
283641
409929
496842
2775138
826563
1745218
1427558
1541086
1278682
775816
411549
211817
1687431
2851715
1968467
937743
247080
755550
2029807
1643708
1328240
2667428
2328523
2314640
1073713
15641
2196594
1280935
2223637
2145154
256120
745647
371065
810702
762372
2165212
1746106
906424
2610383
82832
556643
58113
388206
1014653
1215780
2170567
1826024
988954
2105917
1218339
516732
60390
2640613
1796104
2693940
2894183
1662156
2840998
2370809
2363144
2516815
2090981
1313752
1528899
2057658
2879588
2823361
2382798
2218684
1313193
621632
797767
1265421
1735602
2003757
845685
370723
774439
397642
334271
638938
615851
883063
2882216
838506
2395323
1277543
2880844
2996682
1289716
2521286
748913
2244704
771097
2133446
1999619
2343176
2242683
2062424
977411
2936728
2004749
49924
914157
2570422
2872071
2110981
1244528
2095929
1143705
2608602
1244267
1886215
105732
1564577
447878
2224601
298199
241507
2734815
1840879
719039
1669342
1972887
2451929
1312591
776141
241674
2267881
467189
2014813
169533
2350744
1193239
667821
1968675
566423
952057
1587726
2784027
592639
503023
272473
382397
2251829
2216580
17097
2679330
2593256
1626999
2257738
1660644
1154613
2318773
1742449
974921
362493
559354
2814367
533733
1103610
371306
972258
686124
1022392
1379128
681199
1554290
2708940
2969074
555644
2274356
786505
802200
315923
53042
519076
140147
1568195
2065276
1904868
432529
2490959
1400939
2198815
2459662
2727483
987777
1495746
1117713
437149
2569004
1194451
570502
2488151
2688449
463064
843318
2922719
999098
2330522
1860574
888413
440837
2112864
2645723
905453
1959730
269633
956629
1040593
1116564
63241
732645
166208
2987721
798359
437596
2490697
1897302
1344016
1602918
2293293
1501572
2244706
1634935
181220
543779
1534374
2156354
1828806
619397
1014063
2280932
1548456
2180779
1645173
2816044
627432
2946431
607238
600971
2828660
762840
1689637
1128146
2343850
199760
1197194
1590845
27797
695682
2689257
2830632
899400
18838
931068
296379
1343876
2005436
1271931
1076769
2954500
332837
1431718
2853630
145574
2731901
2920216
1109139
1080127
1935787
2234819
865400
1407791
272272
1052873
2741375
1097503
867364
511768
272760
1878204
835239
2267661
1223647
1353994
1831113
660367
843659
256004
231821
2860576
2040706
333703
300572
274651
2351489
902153
2664793
589272
2393000
1893339
414331
1624862
350949
14386
605201
1847256
540022
2715043
2602926
1207239
1806093
207806
297933
1775965
2795065
2446619
607658
779421
917979
2742657
2489231
1252257
1777398
1020143
569868
2638934
328556
599209
2338853
808765
2931158
2013027
553381
272734
687496
2951679
2878984
636333
2287309
1458627
2378969
2784487
1024484
2651206
746894
1302301
2886489
54332
251051
2800176
109002
192999
1704800
768745
597944
1673440
1059196
1933577
1605776
828189
2482783
1153911
2713017
1627840
595169
1541071
1325034
2673042
1560382
1294393
1567479
1019258
2059938
1650943
1422838
576467
623348
1728659
2857474
1179905
2595246
2324036
2308170
1105672
943752
333660
444835
323538
497908
2195318
2778810
1259849
1423471
2130538
1843046
2663032
2458757
1782514
1888386
1813751
882351
474192
1375365
1631936
2622333
937781
2340916
235898
2891304
1465548
2112052
1954896
1437730
2531572
1053287
1698854
2673773
509545
654010
1971367
389900
2062212
585275
842248
1391551
2230950
2065693
2994062
671164
669160
1019366
2669145
1905210
2977279
1242672
2988070
1033731
744125
65864
1093102
615224
1741698
1159295
2106423
358819
1836555
2610025
948983
2914486
2498371
1042158
2881262
1835700
616996
1097964
1913217
2046358
1232007
246455
104601
625212
2997788
2888196
94100
2125292
88764
2939176
1087112
461050
1156536
793791
229577
946323
2657704
2329726
1205445
41486
1152532
1352026
217074
319542
2092366
2225570
911788
2564557
726496
2620064
1867266
332384
621261
60580
1867404
669179
2787044
1335386
976357
1963942
2362993
1525727
2342685
236388
60215
1641613
1057887
595884
2113078
1486973
135797
1311862
1924676
1249242
1106759
2713269
474166
1313687
1279080
2486063
1452887
1324286
2657517
146043
2047867
2528599
1392362
1414639
399719
2874498
802279
823630
2572689
1989916
1892542
1253128
2904138
834457
2415096
159012
255633
1289244
339038
205291
2744111
2402352
1749190
2317589
1394796
154895
2858757
2241832
307558
2386669
1220768
2017116
398028
563685
1672472
2775677
2645719
1117165
1835597
1608958
1130357
496818
2792651
2679069
1908319
2132223
2817584
1083194
1550019
2671015
1923616
1293294
261400
1249166
860230
1195391
2291984
536663
2888199
2874719
1758820
567484
16098
919565
317379
2353333
248746
2958653
1693156
1478966
447437
2155494
804517
1047726
191785
632313
354216
1918680
2427743
2426702
1298680
2836998
2214004
2770907
1116287
1325040
2397091
2624632
2426726
1348173
2716247
1142550
2441584
2957864
559026
2770154
1196778
2243379
431544
1069547
1730637
1024290
954574
458899
960944
1447585
1652613
429287
2312682
605766
791384
1216951
722162
2940042
431438
1840579
797363
912574
1308095
2922161
1830709
2055732
2218367
2681789
2686184
606273
120210
518109
2062673
1514217
2956334
801328
812840
603683
2505078
756805
195670
1501976
981499
2827293
1010232
2711371
2875167
1570621
2874598
2504682
1130524
2658173
533515
2144135
1551453
420802
1824272
562869
309906
302328
2959545
1488024
567623
807584
2532794
1128624
1473659
599069
1997732
1463936
2941063
377377
2806069
2209593
1813372
2931428
983692
1043129
986898
513180
1750526
1553467
754645
417203
567312
1844769
153062
228704
447730
1157273
2196724
2046464
209139
456877
2910925
2969438
976393
931938
548198
564311
906330
2876991
9194
1524258
1749869
1442675
722111
1224617
63911
806484
2041348
2810798
1352971
429077
199533
1811920
1660463
2222944
2005903
2795396
1477343
796352
2885079
517958
354743
537771
2086096
2011909
192100
2459071
471441
1775813
387351
274376
1404938
2655444
1617716
1936900
2647486
2974689
2972661
1329359
1367748
522736
113540
2422969
1408953
1691106
2766922
2204411
2039470
1093511
723294
2831019
2881135
1834951
908423
1379735
2483662
992327
253989
334761
1991264
713795
2608289
2116644
376610
395689
187260
1671607
1238876
67839
2867213
2778809
2830074
791323
2901022
498190
1705401
352704
2652027
1788293
2117104
1654333
1054377
2573721
1294408
133140
1700385
922715
1911850
948234
1229144
871424
35847
2437673
398671
388306
2556430
1048061
1887407
1522192
2486695
1775229
1555404
2537022
1349825
1779324
1844477
503038
1976810
2079407
879962
143481
1519018
613089
2348247
2899837
2011444
224879
571094
37441
1148982
2206561
2481247
2625728
1920548
275503
923407
1756902
2126053
838939
2764768
2704394
508226
2602969
338816
1257746
688492
2361480
2796326
2897143
2720512
718164
1292344
2781888
1804877
2199705
726601
22494
2850300
1385308
1448845
447137
1155271
1224929
2543852
1497839
2809587
832794
85843
2495149
1205759
187060
868446
1506762
2841048
707554
2881726
1106568
1657222
762113
2160349
1481612
101998
1970523
1302791
2774705
962995
782780
828689
555197
1528247
535736
179418
113955
2512443
916260
707162
1064556
1452182
2474323
2140874
1959949
2633735
1877162
2643714
2771741
2189253
1176646
1982268
2875125
1800107
404283
737826
2494688
2375376
1814503
2005446
1303493
1363039
1487648
435220
2557310
2309564
2990784
1854815
1878452
509575
2927878
695392
1658615
2380003
188783
161747
1568374
1315359
300103
2684928
1612499
2541147
75482
2531833
1284838
2555425
166764
502015
1793171
655924
2436292
752869
1535928
2857663
183139
75114
1512360
2643978
2166604
1049573
744015
1724452
2126108
1763847
1432491
64531
253873
1782681
1872050
2227224
1497161
223743
2035246
605738
209009
1480010
150087
1822985
1553976
2008720
2865563
655335
194204
1284049
2567811
1460287
1763930
119419
842409
1934772
603846
2037420
219440
2202955
230744
402651
507540
2409177
2969073
102923
436381
540826
716264
1200193
1076396
2126264
1612592
2948366
1068065
1697168
2748499
1522366
2927009
100012
1188061
1056100
2761306
938148
705235
1982794
1729199
625479
559580
416289
2981791
1100055
406302
519079
2050984
265294
2318732
2026098
2156141
262029
1856421
859751
37564
636430
2784680
51643
1777705
2853764
1809051
182524
722377
282583
285221
2880472
966186
43135
878766
1650869
548611
2714783
317941
1224646
1729221
2707890
1085348
1994747
1036614
1800912
2004508
1288755
769484
2204103
2244918
2141832
24952
2825399
446596
2557688
287468
569915
617943
426722
1362414
2330073
2606997
41949
2682932
1096816
93778
2889798
2604206
1934170
813213
2467593
1077325
951362
2935463
511920
2768784
1465991
2533591
745519
2794461
860611
2474088
2318338
2431260
2973334
865272
1433756
1432402
2964647
1730090
860951
2873394
2889078
1504513
646539
2167234
1652982
2316372
683460
2946908
455524
448214
1122440
1424791
2368565
2928016
636934
1443567
1368055
2863758
2542579
2699578
449590
1951698
1170420
2225823
1983460
1692318
2518905
2420995
701001
2449450
2012212
2449512
2282695
1129671
1865596
210257
2910675
2681090
2022629
2362057
2614135
178239
2745625
1779079
486719
2882751
946447
2923541
2166943
1661520
1985683
1518643
43641
2320963
2495568
2589854
2100967
2128086
865816
893840
912668
2298566
2282318
283505
1408132
102335
1442178
1912400
520498
1074626
1124114
839924
258708
1210196
496672
941292
122286
147333
567846
1354659
58480
2268308
2992773
622101
2545692
769495
216574
899452
911026
2711481
317837
2111729
2879416
800927
2560708
87684
464341
1365994
636720
2573830
2091558
2348408
1284912
73904
64338
682085
1660315
2482257
1396109
2117955
1885210
546604
197622
2617821
1479519
177282
2179130
1567714
2886288
348030
2322662
2917102
2930970
2423692
607437
1024941
2025065
1487233
2770877
2934627
1544208
978267
2975010
1484644
1892442
2087194
2440398
2245377
1069502
2752319
434377
2128474
1685138
181400
42295
2189311
1511424
1727040
1808086
55238
2178645
2478174
1722169
1449649
429229
2097054
2873115
957342
757880
694515
1572121
2937417
1431989
25881
2579926
2997699
838640
2597427
2535638
909004
2028763
467444
2507772
1607579
1499816
1899743
2256704
720857
174414
2143816
659385
934599
194865
2534529
2260194
2027031
332320
2612794
2305309
818672
1345313
2768535
2810474
339570
403430
2005159
73747
1190260
70634
2321670
2195381
1636530
735868
1202144
454442
1356862
2906358
2284029
2052666
125796
619028
1515959
1912132
223552
1153697
687291
1179729
1844652
1481641
2197149
2968888
166511
1402826
1312851
2380900
2018765
666878
2050931
1082104
1889662
1413695
727172
1726441
704546
456350
1209636
2343638
265523
2250225
2804969
1105156
145000
193252
931705
2812222
1465253
1111609
1303663
2262073
916319
2799769
1251308
1009167
235885
236096
1507787
679687
2972620
1518946
2208783
1389250
729206
1594427
2053208
2810142
1640927
2272392
1397698
17251
2816118
1047988
2759745
138183
2540830
182817
649468
1388697
640718
1094528
2826347
1831314
864219
2280443
1535907
1244418
214842
1840997
112163
1425126
902969
1242889
818006
2900067
2633623
1512288
1443907
611667
288563
247906
2107189
2749916
1444630
715886
1717586
353352
1951950
215900
1328343
2654629
577513
2842644
2257797
2561745
1472501
1393938
1381660
3277
1022539
1652845
1702146
1963220
2218063
344353
1392597
1762660
2621768
2840373
2003226
2464003
1530973
2643630
2217123
416481
387309
2874682
2479304
1695096
2465862
2250944
2092329
2836387
329774
1034921
510686
2551127
2984863
942366
2555417
2850189
506132
2330144
997527
1761625
1570327
2962712
1635131
2956075
38178
1683104
771232
1010801
2445174
2406951
242290
1824737
2241276
2323501
1191226
2630579
1151193
993878
1562249
390873
910019
1806051
2511622
276523
585633
2075997
557481
1034427
1780515
2657723
1501716
1905409
2950055
1965477
2992026
900699
1939416
1090645
1710519
867063
312925
2859415
1242997
57162
1957175
2324159
266834
2857986
937558
2758939
2949839
2308745
1348920
68560
2745932
2330909
1157808
463195
2806984
995738
2634374
1857922
2976722
396340
2294330
1472955
379925
682825
467643
333595
101964
1654603
2396507
2442481
233526
756755
1630673
1386290
2860476
458375
2055192
2346740
799276
309202
2352551
1823066
127248
1381889
1079705
235034
824153
2708495
2731230
2897578
475024
2641555
611749
2196730
332406
2863117
1777114
2065357
2158640
1000624
2865114
2303846
369744
888763
1343198
780906
2623952
966746
606066
2768066
2218910
271527
1030320
258985
1118620
1057693
2307169
2975629
518668
421227
1434573
2109085
992612
2013480
2161832
1063231
346591
1219877
294056
2892377
2991088
1993511
1969990
2338703
685546
1279363
401701
596512
704259
885269
55946
1289010
1851102
2946409
1853945
261193
1113864
245278
184775
1448624
1788781
2457664
2516182
2940209
1046782
184187
37272
2730180
1511175
621215
2949379
2075509
1880775
324044
1113874
1827554
589805
2000516
362300
2819570
1690510
1638785
2039609
2898783
226193
946762
2415220
100845
2352702
1675321
110049
353974
1707288
2863713
2180187
2899610
1667371
675231
906290
1701975
907869
1768067
144972
2484084
294246
16180
104013
982181
773600
703490
393780
2467643
187809
1026824
413091
388474
1644425
310151
177849
1002069
1601331
2817675
1812388
2085408
1828072
1714969
1291161
2120809
2908940
1098532
998094
2223836
2267635
914477
2295153
2735571
2955189
256326
1395127
905426
2947798
116682
1139396
1318550
2911504
2101516
37431
2051409
445479
2135722
999629
2873508
2207353
2707495
1472869
148249
1595959
2380016
190080
2631388
2803170
684179
2048541
1908414
1488628
1279871
2064326
2918374
1524583
887722
578924
2422113
1502484
450041
1293214
2495268
1703305
1674968
1574908
907512
2387087
1699476
2654802
143573
757116
755866
2830745
2974127
936792
1739133
1569671
1869320
1040811
1329556
2992945
1176835
2752679
1846622
1805971
781211
2528620
1051174
1195859
688645
644822
1853419
270727
985612
792717
1842093
48249
327810
272978
1327673
1381100
2971398
1313817
491538
1855250
2430460
2803440
1941958
183863
2366668
2636637
2936215
2213897
505919
2283901
1535556
719502
1537549
558702
1389218
339254
1150643
96757
423738
2113504
1408660
1669220
2996427
2743966
2169285
2023927
637626
627072
54755
2537988
1191218
1181971
672352
482223
600011
126757
1079350
1487635
1671404
601209
2369870
358005
751492
1795777
1536347
312073
969601
2775058
637054
2374729
1478008
1587736
2075076
133332
2312131
1340023
2745986
109607
2316133
2160829
1023790
631272
1158988
2120472
421464
579037
2250460
2430584
823421
1518851
2466838
2980427
1570392
2323849
2591557
1790754
2979249
2300115
1731852
1616586
1787713
2893273
104395
2599239
232205
466936
93035
403074
1474330
1227297
1652312
1013834
1655063
37404
914643
651630
919698
1725175
2045643
25249
2632191
2631412
2624224
495718
947807
255461
125265
2400623
2399485
2315747
1317283
2303475
1172232
2546533
1424738
773552
1795326
1657650
2740965
307021
1516018
1840015
320245
307466
1615269
2087660
378540
1848977
673715
2938055
2726645
970397
2972994
354039
2435271
2371571
1971071
761269
1887198
1933127
2627787
1911135
861277
2083402
746634
2483038
1954715
1828754
1889311
1522783
1951487
725259
1706955
2283662
1597389
2822029
1145810
2742297
567895
774768
987055
973551
1600068
2999113
275114
591773
2188228
1023736
1771339
1726422
430812
187562
124783
1630362
2626258
290210
466751
1393680
90825
2987845
585823
1158907
1318145
322671
1707496
1235019
2587456
1323002
443579
324743
931418
1645864
1393119
405422
1206294
193579
1310602
2270558
1828363
2527243
706538
1349879
2489473
796914
2167660
1699175
1009667
1547670
2467381
1564204
1184032
2105509
2737236
2940871
2763787
1594307
1294657
845454
416134
250282
529555
1621138
2899522
111989
840766
1631721
368214
2979228
2090281
753930
2828031
809775
1970143
898557
1789121
661517
98101
2270214
2425738
1726869
1065723
564837
1076730
2464276
2216492
1674920
1069081
1425169
1399684
2259740
551484
434009
2430450
1831371
1924141
2689605
947117
45935
924076
2417444
2832655
2471694
688017
900711
1550967
2647393
129947
1684069
2171243
1260753
481504
252028
2343056
648401
1493408
718277
1727584
1669501
2286206
2615890
1689856
740822
2257341
2742187
2397428
2631513
2906467
1692438
2463399
2003245
645544
2859208
1677272
2281444
766665
18676
2810296
556885
2261111
2295335
2796677
416493
2952595
2772748
1224624
514625
1675999
89598
2282690
869914
1589301
927012
2379722
2935652
2052294
624455
2451085
440040
1611950
1522751
2394341
2371684
484500
808415
2008553
962289
791466
1725861
1570920
1914983
1829698
647974
2288802
2934625
879270
1304491
2643923
26745
2004323
2164531
1867002
2144571
2853951
884270
2510585
1587371
2788629
2916987
2044458
1678643
1434793
2668246
140658
1462885
2278212
1587676
423879
2778386
1431506
903511
1463991
1535143
1185460
656393
346446
2902558
132443
158302
1717128
1908080
1444649
165756
1065761
1511250
1287904
2324426
1933910
2289278
1500688
2563693
2125853
2777942
400530
1211146
1691551
1529007
2306186
632569
1039249
927665
1338224
977029
2282894
1912044
1862352
590793
2345687
535118
1076823
736423
2659677
1629347
219851
1043953
532435
739254
1299346
1952332
2718877
511543
254285
259686
1426266
179708
35400
1367852
1220090
923666
323707
487273
941113
537114
1999785
386891
773042
2267324
2587807
1940879
2424985
1330327
2756260
227124
169313
959475
1659825
1112035
1321302
1173136
726685
1921359
1320704
2494311
2322242
632836
1475431
552372
803896
997318
439681
2805552
786190
1160185
959768
1814368
1704609
233593
1657182
2443415
2973286
1980428
115445
697556
1702452
996355
755146
2236187
1335128
1886904
2179771
2037423
539187
2193780
2187645
266155
1098605
1632414
1730201
762252
933321
2689216
1507968
2165020
2924567
930144
1831742
2923030
2068234
161197
2400879
1775659
2443616
1983697
2307614
1717469
2880858
745496
885194
2635889
2583397
166101
455389
13102
2313969
1091584
1948634
1594658
2162494
403592
1196173
1656786
2267777
502784
2969872
2835438
2860710
2456439
615260
2136388
1762453
1159897
2243497
530
2696041
1257530
2070837
530374
1281473
2743688
1887760
1516562
1985805
1420737
503704
2256728
2715439
2948471
2885960
1807114
2636434
2172605
563806
1680575
2199164
240118
2356820
1056845
2526912
988179
2029676
491580
2292976
97742
759935
2939609
1435715
2885659
324153
836120
1942700
2735170
1453541
2226981
2075949
2544324
344296
220670
1829188
287163
1066002
2166309
520257
841843
2174279
874220
2369363
2077858
424255
2610328
2584331
782615
1214541
2650834
561191
2975397
1717366
120613
136075
2229723
2154696
1482621
1580374
121776
1482761
1131804
2104080
660267
1191963
710300
2477410
1328587
1745453
132082
2898266
1359999
488742
2139871
1569011
291705
2183165
2328279
296612
1074000
2937975
1238743
2577563
1943406
2534166
56435
2219045
2587736
782079
2953522
270523
92208
2217332
2096920
793808
838183
1215888
2201686
109305
1256594
2326447
123588
46007
523064
2412178
56204
137903
2100720
1422674
343517
1845474
1160656
1958039
2275088
2710903
2024321
1138638
1795588
972527
1908532
1694724
657218
527085
47101
1152908
1039143
1887723
1380161
915310
336919
2374453
2420395
2315809
2242944
2181863
1606168
2083342
1752591
2599055
2733480
2613149
118075
2409511
1156836
1366338
2272973
2370787
1559659
2613007
1156163
1447699
1667260
487307
2717310
1643986
2968327
2453859
1141630
2634846
878148
907279
2662147
2790351
1518605
2647811
2886121
2496642
902399
1944939
819011
2382107
736517
52159
1679398
1682103
1368756
174504
855346
2466493
86700
2496702
95605
698705
1581412
249244
1451610
159769
1626298
2222184
25354
2110312
71215
438695
1894335
1298708
2011025
1467465
1464334
648743
613934
2135258
28441
713050
1465042
681281
1360506
1143863
2912122
2573727
546478
2868602
1801691
436345
1814900
2435407
1660452
629740
590972
868545
421797
1149748
535423
585657
896729
2029034
2388978
2436763
2946591
1340267
928450
1537568
576
1960425
1156682
1121326
300102
1002317
2456243
740483
2360043
1130695
1336635
544043
2034455
2939389
823210
175837
2831748
2976034
1307693
649631
2566654
1410762
2298272
1124559
867348
467247
1005951
1166412
204153
1741910
1226805
171471
2855729
2808520
2723487
1271841
2662681
1584064
2549975
57080
1738596
2838126
1361588
705062
1009938
733234
2878197
1411389
2059319
2114328
2115795
1814849
2282686
1638571
2980041
1617787
1859605
2953121
647010
921355
1051152
1116713
2474301
757748
1151376
2148637
149920
2006229
2589569
1489456
2828148
907179
1208
113651
620530
1234462
786187
1120518
2721092
2772320
1546205
2341838
151971
2415797
2198762
603898
2039451
1896347
1683849
1896875
1681266
905797
912700
2453439
170034
227779
2952228
2410380
1777725
1722544
1228025
2946000
131921
888143
2621140
105155
470708
890235
1248276
1401820
2748200
1150177
1717427
2583345
2505409
2783356
2490722
1299482
2686974
1177962
2721878
1483259
50777
957410
77744
1271356
501382
1099758
26115
1128898
2994919
1949008
162736
2025362
1349028
2952904
1340639
1085568
2514984
1302212
73493
1222590
475715
1563499
2727527
2115327
1404662
1700236
2827547
2130398
2801211
2627341
637137
2524273
204829
2583347
1397217
1543562
1157312
742037
2474530
1932576
509504
2433414
1582431
998342
755104
2262033
1586493
2484130
1200131
631171
465810
924853
2782976
2595696
679061
2741618
1470199
613931
2241343
606330
1970758
1936320
1691969
2686728
1505412
1336313
2856157
248414
1019043
1845266
1993772
1844024
2170951
2530775
2422216
505856
699812
1050905
2277570
320496
44461
620908
2320215
2483096
2162264
2174093
1380334
1035132
656944
54797
2974857
57717
1509537
583271
989619
2885910
1869872
2974319
839708
1848677
684214
755755
2569524
1229206
342662
159500
593554
934296
1092060
1446015
1727554
757956
992347
1075948
1300766
1804595
2789965
1147231
1325926
927585
67589
1225111
110282
930319
125244
2285530
934865
2463707
1715763
2102511
2759378
58617
654150
2008915
764495
2507905
2092161
2896373
1888696
645744
843006
184213
2018725
1074432
2154611
1221130
2109566
354674
1603328
1770639
2177980
1628160
1389420
268614
679734
1444053
2333419
1617476
112490
1718782
272087
1662162
1031076
1235928
2628624
1948456
1909677
1974169
149689
2609203
2853539
982865
2198655
2600883
2519559
1296903
1970354
1961030
1040764
707751
485422
933216
2036492
2756806
95194
1560707
1266225
754926
2227419
2804526
1376255
1118450
294365
2717704
993234
2937843
234017
1380774
2321162
2156110
2585614
2782182
938516
1772929
1560390
474897
2938039
1352094
1816567
1447486
231651
445921
334621
1197927
669835
1114054
2813235
146582
709803
2363459
750109
2417353
2699002
2987244
310214
2378366
959526
1451688
1644266
355641
2830643
571525
2690545
1534409
1491287
2251086
452575
334731
2289886
2183209
558455
2726599
740245
1429303
440200
1586419
2738544
1124942
270934
786264
1187483
2006281
2455296
1558977
1505752
2064376
2571728
303649
290060
1315121
1275554
2844822
721310
1849411
889523
346670
1329806
1410433
1121378
238340
1358229
304302
947764
2736182
1337525
1281219
268689
971674
1527658
2252440
1059033
1396717
2555216
192512
2190963
124525
1109875
1144009
2122754
950879
2145733
320908
1097261
1082289
2576710
762642
2313430
2599441
2692574
2248348
434529
362000
2331440
44287
1261923
968068
739803
1480919
2322190
1841284
1604913
2994119
2439272
1722820
789529
2320166
803567
452827
970945
1187470
2342444
1723275
699746
1086484
1504706
2494179
2120127
76691
1235272
1766209
2222748
2376520
517437
623763
1678522
2763748
2658129
2627703
2920207
1823461
2178952
2652526
478919
1057731
1852934
333702
1375772
588666
82889
2495950
528574
2242634
113713
1566282
1024225
2045151
1438338
56023
795098
893567
2830210
2787478
2388711
1525944
12726
42825
253418
2898718
842389
517696
201682
375355
1678394
2755191
2658636
1002777
1513980
1796083
1967750
2560287
1968960
550643
1775311
1852824
1220330
2968169
1549070
2931444
2935180
2252741
110103
674188
219575
167243
2111800
1932456
2013562
1377340
1469507
2087261
1685613
1933302
2625453
1976713
1431156
1582725
1645538
2866427
2092681
1151837
2862682
2065169
1011570
1266256
1818997
2169392
1397034
954275
766270
706286
1281797
937191
2520866
2834253
1830729
1209987
2010786
2749914
492013
2173992
2342543
1550
130238
1217301
1866730
2657968
2695513
524057
1478397
1758944
2852952
2072753
2819297
337779
1860738
224152
98960
1670162
1483638
1728673
2447729
1804357
637102
377724
1233841
2251846
1922606
2955264
1665221
1534813
1919275
2511559
2974722
975131
2626989
1185039
2842726
1187400
1048237
1718378
383021
2870299
1212489
1419196
2114959
1108920
1954599
1427955
1444330
2095749
1489862
285800
1195557
939353
775938
265144
2892116
2819906
1057108
2209808
2963848
2181151
1619327
1577045
1934665
2315203
2203526
2177464
2442191
197231
2594685
12016
63293
2453367
2788434
1661558
264043
2306665
1606232
2506597
315614
2101857
902554
1837297
683222
1817134
206857
1477742
881076
964174
2811555
923029
1315327
2900062
1994291
667769
1652409
1718583
626368
1141671
13761
738015
1002061
1415426
2675945
2232478
1823891
2047774
2202942
510780
2292983
1219093
826702
2035942
44114
2746477
1495945
1835953
1400357
1388762
2072080
2512446
261697
708751
354502
642467
1242980
2014136
655023
2706511
2565784
1758073
1533644
333622
2367874
2068335
589538
1618640
2701252
2650263
880525
1301150
2933530
331364
2604086
287331
1296606
2388438
1897716
1459282
2694618
1223529
881986
1429127
712666
916515
1444007
2673830
2280173
238865
1341312
200809
717471
2319928
2841328
1493727
1233893
2488798
2938410
962007
817714
1397587
1286858
2122818
1805690
2956950
852535
2613766
2467455
2431906
1958181
391823
915874
1869915
156650
2281520
2042518
2071627
2304025
2130908
1425527
571930
2835042
1308020
235325
2304808
2446213
762135
2020138
1372188
2597328
2550147
1643666
1630964
752637
814731
2185964
2615436
2189178
1130358
93211
515547
1783840
2304063
741346
1566888
1768026
2223562
2209590
2946271
795819
1447567
2686971
2055427
2036750
532166
245678
2419911
1335299
651188
124299
1639286
2492431
975245
586549
2203354
639371
2955113
1380542
2646766
240386
2621438
1830289
575891
1969264
706784
1544302
1401377
1432127
1135272
595007
1354138
604692
2364244
48683
2003185
241268
1555936
2948931
2345441
660748
2606022
2543336
670993
1367161
1958203
1108721
2394163
1014464
2895658
2489402
411786
2962903
2885273
1078492
801582
329296
1104722
253143
768474
781144
617471
2647677
2502055
2146813
361602
2298317
2087470
2398921
301887
1793562
2416818
1591377
635627
76070
1006401
2780408
2737073
89039
959975
1665133
2673299
2725006
2109937
2138650
812162
654011
1644765
1358634
767904
950405
943663
791917
1508176
17041
1957588
150150
1087204
370288
1817333
2266453
179134
1357524
901640
2404962
697386
1814993
1337976
2728452
1197550
521089
522888
25822
1676086
495040
1650215
2475861
843290
1201104
2613666
467455
2464376
131579
2323647
1026927
2242376
960493
1200125
1174900
1247560
1425007
2310082
884600
1199030
1451379
1927545
1768635
2053708
975720
211955
629190
1523193
1392076
2691617
1008244
1607391
1612115
267841
2122852
2802307
495835
467849
1110451
2965200
725903
2455193
846207
1014527
293466
1914717
2194988
818583
484194
2317139
773523
667605
1791629
2107341
2861292
2799089
2988512
1495068
2725927
2361516
331427
525376
2139591
675038
754488
2333507
156945
2596853
1756065
2578433
135751
212597
195215
1164463
587879
853970
2594485
883451
380302
1768599
41597
2276315
102803
722176
806055
441575
2635735
1261313
477363
962452
2968537
2481023
130043
2521120
2812285
2130572
157783
1298555
1691808
2262697
1218668
1720527
2697407
1973431
1098441
448726
455414
1389270
468614
1995550
706650
2272074
362519
1610460
632594
1286158
2929669
2376
1996457
2583576
2121455
1683509
921505
1407909
1957705
929156
2022507
671350
2485880
1961628
1820551
253007
2238394
2150688
1415536
2262363
25464
1314766
1148887
689021
395682
2927841
1884441
1934648
1654859
2246531
2701197
1236137
570544
1273710
1840878
2508844
1140085
425899
960763
548313
911846
2693725
1571123
1424894
1764188
2431143
1614232
1613454
2482643
1715443
2791105
2234032
325545
2060779
1172756
194716
498096
2370398
2679814
1010937
2619466
481391
1289426
2409875
950928
2340185
510983
2382496
810324
2132502
782282
2020554
250458
236732
1941924
2096347
636660
2725453
472422
2626950
2366637
1807828
2746394
53270
1445268
1732919
876737
2451347
2732180
1858043
1328767
2711078
1906927
1195454
1236116
887519
813225
2863993
2574622
779761
1667316
910686
1474699
79242
2597202
432793
882636
1881956
381951
2347776
2755753
1961327
213527
341450
2225270
2921372
2432735
2872398
537210
2400502
2093781
2760502
1522345
2802265
2668545
123518
2429328
2360487
1118387
2733964
299423
2510332
2735575
2336729
1663361
1169679
601212
1910707
2930942
1923145
489122
717880
1189348
2717966
1242517
313562
1704092
1186061
320902
180586
828421
2364711
2170111
1710120
1988802
1308890
2322681
1682094
464390
68691
284327
2009795
1638310
1012891
2728118
2774798
2783749
687375
1604124
2796824
1855207
2495877
2169736
2239698
510410
712114
696239
2072564
600678
2862251
2491092
958818
861486
1253444
2596326
2900084
559317
341135
844260
310975
606992
1380431
1235276
1592563
2708871
656083
882021
2968999
2741658
2300630
2881947
900511
602770
1335253
1156482
265025
2294132
1928226
6567
2245930
2991009
1891103
1751552
2429352
2733347
1074103
1248707
610959
1501448
2432135
2020446
457354
2464982
2956237
1572494
2397503
1960768
202419
419001
1918564
2879415
1793369
1951289
2854973
2198739
117266
2228030
1682073
1408159
1332799
1937916
2044515
2303649
2834839
365930
1078181
1057488
1578448
1218469
2294153
652537
360313
2343202
2906411
2706068
1394647
2068701
566601
2606118
1868197
1918667
250274
2816605
424501
1836926
1085854
258597
461704
2873102
1292967
2082720
1640490
2451063
1059808
2900069
620850
1600480
2088933
2224385
2163883
1781649
1278027
1268183
569539
786756
1703045
2273330
1930444
1448428
1331305
610821
2709327
62582
2174327
944815
2271861
359979
1904142
804084
490785
2756482
2166198
1185772
2438961
522709
1601921
49101
95693
798785
1975057
1588286
1568526
1130860
1819455
626428
1396509
2202577
2373824
1472828
1178839
2833659
2149469
1716695
318370
2021058
381368
2964504
2344251
586367
2567337
245957
680700
1421643
1762014
1373249
1708800
1100132
423736
1021454
173598
148853
2422194
2279311
1081251
2009644
1348020
321077
643171
672938
839482
2171819
2635210
2282322
721769
2124272
661946
302619
2643273
601711
2998392
545605
1017587
2918235
1765278
1060320
721938
2473934
623130
2237472
2419563
1577746
710926
1016247
1844058
1940650
1910756
2443426
634457
345339
131211
919636
547207
820209
1911615
2060186
2280130
2898262
1164522
425519
2497998
1198653
2068169
902572
956389
2810915
1930909
1505832
2865446
225796
36573
1949660
1693096
537357
2170365
1735113
1990080
553522
537148
2293283
1084798
1134657
2816647
868725
61906
1783654
1005255
1515552
1104297
2992570
1623690
531683
655962
1020797
2050965
775773
973207
2267440
465969
866502
399227
2802205
843841
165683
1945427
2140503
2416508
1861916
1161439
1377908
468641
258680
2507028
269393
171068
2017991
2811633
1839277
1720827
2440434
1347522
429762
1718787
12926
819758
1593341
2161103
2544499
2201264
1578843
2826365
2554451
730367
224608
2878331
2178799
773943
1582824
674273
97895
2421046
2749114
676555
393575
2217894
2401082
2823562
195060
291399
302879
2190301
537338
2670007
1627872
1453673
281442
1448873
134457
836
1620167
317128
2485138
2356233
2883603
1307421
1236452
771627
2657847
1508502
2316110
273949
2449372
2480098
730486
1962871
689117
2465433
2289356
546769
386785
1230583
1521276
2895394
2296779
610488
974286
272801
2558132
1942966
2878345
107647
495395
2634301
124645
1021431
1616598
2336378
1002434
1939918
1050544
2911570
694690
1258816
2885112
2488994
509317
47671
1761516
119809
2745310
2184535
2181306
2602877
2022076
1299117
2014862
2210683
1201370
1557558
2450192
442703
1309559
1902189
1488471
334782
499378
2260058
2036177
2431767
667568
771164
2544301
2387474
1573180
2289463
1883732
1336792
72117
2558465
461416
2816297
23568
492041
2527054
93693
592990
597030
2058052
105937
1778841
1471839
2388264
1355792
2286757
1902818
2489317
2822892
21997
1550685
2538306
1197647
129359
290629
980782
1292140
1140221
1841588
2826158
2279890
1206560
941567
1803626
501751
709363
2935361
2896163
2222739
2838247
320857
2627725
2918671
1692719
2195377
1568829
1241466
1746801
886299
717867
2067744
610460
407874
313166
78349
2082397
1096639
1618902
1097573
337462
775536
2613733
725121
2281309
204204
286168
1603545
261149
1692019
482724
783846
2734785
1731403
2232333
35360
389351
1522858
1009512
1016198
2763113
2804649
916659
449903
2033070
2666112
25815
1616016
2667151
2380960
1561732
2065853
2079312
2815128
1143929
1035847
822925
801877
685277
1540578
1742140
1971159
2455886
2393749
1511814
118473
472436
1035826
616287
1634066
2766472
1974569
3760
2271917
572702
57449
2895388
561268
2498165
2156206
1561118
2802688
1272440
2255084
1242901
1122365
1241514
349836
1346726
1130788
452888
26999
779019
2719797
2349848
307654
1923103
2796034
443043
2699689
1340776
50324
1383044
1818377
1338361
1773113
2963510
422170
1123134
1920648
2387688
395789
2884554
1608535
2675018
435966
2700661
1836879
2884543
2109510
1304194
1265581
2415462
865726
1059677
2559672
713672
2344887
1318747
2503932
35020
2686879
952224
2205805
556493
571714
1326362
192606
198432
2844897
228470
1887329
2993613
1237369
1515368
2514830
2778162
888246
236908
2460626
2820732
1342270
2020753
2234042
2642460
57951
1936778
1479241
86985
99759
1197363
2245342
501520
2018982
773758
1825990
2644255
2716050
63266
2080668
723036
1617948
1000591
1123639
2158414
2699163
2304519
130321
1978609
1866903
1836687
2290145
461611
2785502
983230
220165
293558
153824
911457
1534675
144307
1114826
1850402
576313
925840
1311264
231809
2386532
2298399
1585589
1880255
1924655
465706
2561909
1913887
1286410
362761
423420
201088
886517
189145
2335025
599043
1765402
1350615
1015585
1082377
836054
2732503
2198863
2325650
1476559
2726677
2480732
405313
540030
431410
862293
2979054
779424
233811
2856886
878760
1764956
1555610
2945287
284975
589569
1343077
1229951
1983982
1705798
2024596
323771
2544830
797956
1773120
929935
1040807
540517
2463372
2562323
2318048
2286654
992215
1989682
474572
1114641
2132064
212610
1544084
1111073
980927
563113
1567991
2836534
860538
590502
1263320
2375389
975085
92561
2318485
1779107
1113038
1233591
1901555
336984
273721
1924856
2238643
585091
1237998
653920
670664
2160703
1646343
1685553
2277521
2758087
1908320
1339329
2871075
1795977
1067520
2369149
1854610
1809024
2123668
119759
2932440
96595
1484810
1087460
1790053
1913089
2882027
846107
2260797
1243213
602359
309111
844796
1361731
2813618
595287
69306
1723825
2586017
2234038
2014183
744919
1750696
1072610
1005120
1446544
1236651
1492205
517075
616994
1102213
2472604
662357
1416672
2108823
1326337
2933713
1827290
1238654
2814470
2163931
1556034
1011723
215506
2268166
2332735
398124
2424522
2843768
1666608
815309
1124477
1493015
1437851
2850674
1504136
2605472
1745661
328908
636387
2539855
718585
584735
1720666
1657319
2267681
2061259
2238352
2982747
2189252
1228622
1885782
1746901
1525277
458322
1089114
794648
1200384
2615573
668119
964543
289409
2145885
2417399
846365
452445
206814
2321647
2615731
2600570
861625
1430414
2493562
1659792
1814829
866335
1359055
326610
2598268
70464
2299733
1711609
2715700
1169914
1230200
830372
1329422
897535
1220730
371807
913296
1020801
1117951
1780772
124202
1180415
2431223
58090
964378
2540803
722411
31760
862026
416217
2797113
1046426
957027
1315681
2423166
1672893
1447361
2061537
1981259
713891
801247
1283081
1970064
1397199
1682837
1182775
2141881
1648161
243046
2704990
1279043
772308
2944467
2501995
661520
1028283
2557555
1778915
1472616
2096140
1236221
2051455
2987225
1301105
830208
1607754
2499061
15212
1363082
2109370
2143882
2180833
2157828
1333880
869140
1039630
551249
777133
2668364
610096
2318874
2429128
1617351
1663651
1753177
2788931
2368979
203293
1901482
736211
2576133
2412051
2564554
512736
786874
1607771
2718680
1617112
1974339
1978497
2906272
2969548
2050879
2552411
702173
919183
1116469
1062668
1416417
2309566
504644
41868
1414345
990762
1639937
2190901
2046830
1662941
1113823
96159
41052
894831
1439085
1102696
2827214
1827140
2484331
629607
1906485
2860962
2293739
1628460
314165
2678020
2829016
2300271
794705
564299
1475013
2141968
1135095
1388519
1389822
1589324
659500
855859
2463141
2794351
2890148
1181657
543281
218974
19797
1438751
1751721
1647371
1684731
531023
140248
570182
1799053
636313
2842390
2201307
570210
921338
980995
1551990
1856232
905893
1975888
2855313
940010
458291
1555679
1728474
80491
620364
2264208
401848
2411675
327412
385135
1070732
760266
1612987
2125442
512856
2140559
2998470
264814
2284831
137594
1623893
1485402
2532396
671737
2482964
1696039
2831407
1646542
1010069
2509890
39295
771808
943243
113000
2666589
191237
1797689
1516948
2485508
2313731
2922601
232937
1768317
349154
2882873
2060579
2229594
2258635
1321977
2270450
1385786
1579610
2560153
706774
822607
669359
1687364
2967809
512036
2387411
281725
1810615
539894
2473180
1851746
1061197
29681
1397171
2240266
2003767
2754708
690262
136416
1463284
487804
1692802
2831473
729836
379526
1321271
1211784
95872
756600
263976
2919852
1447158
2983552
2062093
389309
1992127
774390
656021
317798
1930517
1155044
2280246
2138096
1218689
435049
1652268
1223732
1302218
2478218
1269406
2769277
1116675
2850727
2907665
2159093
1299159
72051
1850359
853495
1969501
2017087
456791
917173
906963
2753270
2712905
2966508
1458929
2620536
583022
604260
1928765
2584131
25035
59657
521187
903447
1439089
2724826
2299836
101033
475055
1766927
1973728
1773003
2313940
1308346
633189
2040050
1562800
2052119
93672
2001039
123108
2227
2237111
1865462
829054
1026165
2219701
466064
994478
173776
2336146
766782
345020
1869921
2999418
2481822
439752
2037356
2594830
2892797
1747965
2992255
2539210
2051321
234687
2980864
353552
2578120
1962691
1748397
1652489
1075405
146324
642834
2385357
1972547
2929416
861360
1132118
1835673
2951811
2740112
1921701
801984
1709380
1937057
2283235
2090150
1310966
171937
2366185
609482
1326895
753007
119799
1097465
1424006
1394942
1559905
1903553
1301916
1040863
1473224
2183403
1244929
35038
274948
1645170
772225
1822883
1731125
1674338
2530084
2389224
2047898
2563142
1782641
1641897
1756003
2691167
1484918
2567987
2562286
1588634
1525350
166937
2662179
1619786
91330
1987868
1440899
160681
1801945
104311
2962699
2311493
114985
2749182
1791615
99476
1003521
2978395
1612690
1585697
2200849
156267
2647441
243214
1772031
1219236
367614
2215214
764872
1706106
742649
2337172
1230686
262353
1942791
2873419
2430043
512600
2256115
1995790
1991524
2424737
2204363
1155847
1095097
562035
1745684
2829458
1287554
2555973
1337755
1232571
581058
2050487
130390
1959713
1232648
80349
55978
1361369
869861
2107870
1363995
1589437
52978
1167699
814811
1038689
2712568
1250545
1535540
381503
1604713
2912156
14564
1855478
126863
1335057
2102699
406588
180864
573261
453872
40974
267524
348996
1092471
1095269
1094514
2792890
2808482
571697
82091
1920624
2906417
2432744
129613
907820
1436235
2938631
353473
1007406
1052155
2999720
1472002
1851371
1797141
2448233
550774
2062201
753943
1750751
708308
1591268
1527786
1927531
1720883
1969447
1232630
2256685
1206156
1537927
558136
1060864
1602733
2808647
290028
2195578
1800718
1325000
1887573
2055317
595979
1376375
2855157
1259682
1491092
68021
2097778
2475865
269597
1830666
2593147
570256
774130
1627306
2277384
2274941
330375
466948
1313237
2435406
1326016
1483627
2927856
2013201
718033
862733
2894853
2457818
1057293
879931
779582
566433
2945327
1078917
2174035
1519817
940392
2683044
673319
438418
2710017
1974928
2037951
1489584
744710
2017309
2435116
2398253
2575330
1859712
1783569
737119
1682885
2732164
2777066
854381
1458645
215087
2694657
1180853
2454688
170818
785802
2105198
1949147
2937012
1874184
1707314
825766
1776472
2054735
803952
2402325
997954
2286641
800021
2103383
2502565
823546
1852472
2269446
167804
1532062
59120
938867
649881
753075
2747920
1757347
123192
990287
2612060
1025382
2718567
724575
237618
2221561
2536349
1580362
558541
2786252
1569344
1268465
2770387
1198323
884539
2985581
2257446
2514421
1630265
817191
1971603
334134
849213
2406199
1458009
457969
530556
1071368
1551802
2992149
101841
1474501
1083916
169373
2616335
2930522
459082
1579981
2819253
313949
184074
2403540
237418
2292383
1106992
1510328
2998118
2723896
2829824
1878477
2209333
1823922
2465578
950892
2182703
2399822
1229394
233870
2741818
2898691
121391
1818002
909703
855019
29839
1419375
1884369
2412617
1750667
1371216
2730129
850568
2459377
1420659
2753747
1475664
574188
1156806
204763
782330
2279508
2523715
159837
1078618
2873075
982801
1619066
2397124
2849924
1493487
446000
1192168
2555669
1199674
572165
60577
2398935
1904592
2752621
598460
2649769
1284646
1694017
776743
2132926
1994899
1438935
746143
1447746
772043
1253516
28907
108251
2746343
2276989
2272224
2324179
31588
2161862
878720
710734
803838
1058402
1594262
1176795
1143718
2709032
957559
2595096
1913693
2829703
429585
1185849
2508386
571473
2389
1779091
2962258
1656959
1393940
1669569
670123
2925860
1228335
1684792
1735047
2361731
2968163
2664966
1935261
1902933
144851
731307
440675
997219
1978380
10430
1295172
1927698
2095891
2009564
1504928
1667874
2398588
1296031
2302276
546064
1410214
2038084
2290861
2781517
185641
240385
96463
856166
2809137
2273566
137961
2147600
2944527
79556
395166
1450590
843362
1431998
1046649
512059
883802
1344400
2403341
653233
1527526
2278872
1160322
2560843
1704167
2311970
842491
1244951
2746000
1036776
1875662
507931
1152067
534451
392635
1376529
1779565
394850
808340
2662715
1670300
2840212
1132012
152464
520685
1396405
417101
2695505
2076711
2114339
2781881
2168893
1934059
1333005
2971965
1874762
2373427
2895933
334804
835007
1932769
1122939
2751118
2920920
1628830
1993236
574763
2873373
1657334
6644
305462
1060262
385099
616941
2108300
446745
1258244
2502960
1499047
2841510
1713406
1732696
1249171
725449
966555
2160601
519552
1846828
38519
2782649
2199651
2049878
2716001
2522812
1463272
402359
223599
965019
240288
70781
2316590
2588729
1454189
2408510
1743189
2790329
1968978
1608401
784036
48403
1595034
1666941
2436295
951959
2423804
1679898
1419530
525251
2674994
2536770
2476303
2837820
455420
210318
1748245
1049078
2065802
2672382
1419837
2670817
1729036
244353
801076
1647848
1543905
2612331
1064758
1571476
25030
2539620
1155617
1646298
2413049
922310
1087601
82335
1119498
1248720
279327
2717901
1356194
977091
2976236
1742441
2715560
2696463
263558
2681287
727105
266201
1385763
635770
1489310
2804933
587547
2283553
2483002
1483964
1531022
245562
155083
514581
2822725
1663967
686763
1653136
1783977
1424270
815997
2411138
2418172
1778825
2501174
2597559
1896736
1932492
490831
754609
904945
2752292
557090
1944951
2242
1129675
316692
2277246
1339736
279416
1283647
802079
757247
460517
912778
1898386
1636385
245817
441255
2579846
2144578
2622993
366718
431356
2303477
13990
2153297
2557006
2592422
187833
1827390
2788951
2170902
745936
870625
639539
2148524
197544
246042
1576882
868882
2035860
1155983
2912882
2192531
2090061
1013750
2905724
186184
2193900
1914249
2649610
1207736
1626510
2156653
2856596
1163862
2725261
323888
872356
1371883
1320249
90454
2342310
1474188
576363
884094
1227940
608129
2141043
2224479
2051515
1524236
2934753
698384
287082
1983302
89242
85384
2083178
2102832
439703
536214
240537
1402970
618269
2487179
2006602
2521273
2017945
1619455
466833
1194766
2317949
2967160
590387
1824568
41057
2765571
2337437
2201260
2660236
2015466
2846294
1239903
932370
706118
1583512
2192275
1956491
915881
117084
2684162
2588299
2184288
1514967
1535410
721523
2211039
1721863
267941
2838042
1727492
1462161
257184
2455366
2469440
1560969
615886
1992527
2102866
1243278
2170431
105874
124903
2341942
120041
630384
1300722
1048868
2725124
622659
2590279
2123359
2621158
1193038
1275039
2197818
1828791
1415619
631686
1880346
2510286
607182
2378665
189941
614757
1187674
2696144
637608
2303281
18926
423014
1465684
1063786
2820350
2430555
1462296
207939
1232855
1850582
430454
2100779
1424562
1986681
2355155
2351979
1250095
2708051
1038102
2485970
1672145
250168
1725820
2051657
2521114
2768466
501352
1831531
1437413
1037374
1743540
1336080
405198
289276
2882832
859678
2122615
82970
1426674
1070185
195914
329431
206047
2299037
1911678
1166617
1495522
688176
2126174
2334457
541175
2431858
238668
799596
2377171
225419
131637
714682
810363
196823
2818292
2238702
797942
299275
1165867
1166754
2634899
114970
2140660
963820
512207
2217948
2469583
602138
1321313
316936
1772293
2337388
1997928
1886716
2631090
1718323
2449533
1578615
369975
2956762
965624
2799675
524734
588138
2862181
265097
2039475
1126533
1319741
1257586
305656
54864
685701
2930282
1117365
2431295
659209
896935
2427677
1243892
693343
1450516
64461
1727510
2501501
2247459
2342931
2497763
1914805
2452489
2031901
2009780
854320
1666842
1583115
2166708
2615709
1252660
2202672
1874430
228197
2226383
2883509
1298079
1600542
2247602
691246
2081496
2163614
1589950
2606201
2418973
2065465
2162843
1226185
1167566
1329721
1062307
852489
1165702
790602
2495754
12425
255103
1457882
695008
327938
1708880
2064840
2042341
1324372
1271117
2898401
2117500
584542
2261601
1072017
676492
2418572
1877024
2978671
2394188
1023522
1300725
2044242
33077
942726
1375112
1822211
1187610
2713975
84258
2181616
1315631
771909
442527
1486839
1239944
2917260
764898
569274
2011799
46391
2113563
1352964
311669
1444839
1814150
2906392
1106548
1960421
2131568
2446055
2448440
1283145
824287
1975547
6619
898841
1662401
1911216
338860
2904613
2941002
1387058
2384071
634183
394587
632406
429381
2225654
2283890
155756
556918
925694
398735
1715789
1150461
956804
1763481
478471
2998651
2798668
882731
950009
1206266
674124
1763956
1687286
2510927
2362941
2016327
1649877
1761466
353837
2881860
293013
1796934
2097452
1372449
2549450
1426898
1478743
2299904
523172
2438616
2988205
2766254
1607997
2878404
710434
1025608
2188073
1669809
672440
577088
471792
736315
1830643
244335
2293355
2716900
636270
1891250
1696276
1232412
1080034
1435822
692020
2492796
2811386
1501538
1793216
2416224
369643
2729255
1494315
2642486
630869
2659247
2370492
1255155
1273754
744169
2325116
2442105
1570923
2157881
2527440
1175216
2469229
532207
1727042
1052120
410540
836058
482250
2876718
2949547
1524161
150168
705328
1002746
1305224
2170855
1987091
1781400
1523693
966823
2046331
2571063
1337997
761736
134058
1754223
1338040
1012958
2190728
2285199
294877
2948765
116601
657670
2979918
694129
1255221
2065055
670238
2809548
791525
822476
1604300
1343357
262294
1305431
2943222
1358361
2967240
2472791
1198408
1624563
2999620
1191082
1896307
1546371
2846852
2427260
170367
2844728
1185169
372373
2402896
2245155
1990385
1627645
1139767
1783253
2573848
542010
2482938
2905865
2167557
2354088
124949
2524199
1198095
2697401
745342
855132
2345257
1873719
1745150
1087668
2633905
330607
587970
1346516
482132
1690801
1695295
2203974
569671
1122281
2072271
826752
1632273
1915946
1631085
751986
2800434
1296064
61759
315520
2637746
553417
1269579
2883843
469134
2500996
351329
2792951
1261649
69947
1303649
440790
2993575
2887164
32143
686711
2703357
661543
2415870
1231340
2338483
1881355
2318399
1667829
964584
299704
1145818
2829897
2400727
1103506
90885
31829
1508356
2033366
1858333
1349638
422628
2746927
1719497
1106571
2751876
188614
355706
1610378
123728
1400536
667323
252444
479340
1612582
49544
2351257
393245
2111322
1366080
1323587
1561154
982296
2113478
2768073
595627
1743731
1265593
1181835
1500536
1492958
192039
2355133
351846
398695
1646414
2057008
2068961
2162860
1504148
950838
2088100
1244407
1101532
2534409
2956360
2442463
940225
2291399
1259950
2086697
794517
662226
1153930
1724183
2469643
737564
1512146
314335
2831127
2022432
523218
2644394
265568
444380
2120055
2356187
177357
1216050
1829218
280806
322662
1215410
1701793
2341132
709440
2365601
682800
2563504
764249
2816757
2628424
1757127
1381307
1531729
323634
1952180
504367
2807668
1231836
198592
693026
295581
848311
1046442
2838064
2579195
2806706
1891726
2024093
671357
1184449
2161585
2436381
2279294
40752
67979
311333
287903
2884617
939295
2011381
886323
537
1086112
1802618
1801493
2664824
2080023
1515520
36270
1738403
1347835
575939
2993123
2185745
133240
2704977
1122476
153628
1028058
1893239
1325903
1965079
2987174
2037793
615678
739975
2159459
2308734
2047232
363479
1828125
69773
2520911
2120887
726026
413454
432970
679591
2305634
2832254
211995
652999
2749233
174385
2383967
1452363
51269
2354520
461555
2706708
1475265
2591289
680511
1050531
1897865
965448
1821228
1133202
1638220
1407859
2817060
1464940
1379671
1716322
1204607
2090076
625562
619871
1158808
781501
2727699
387542
1351997
2537411
659310
759918
2079011
2428019
527512
2636522
2166951
1406081
70111
168010
1223588
1513411
903626
1116454
2256195
1445776
1128444
1548644
2241909
1690696
859823
2318090
1530486
2565406
1580694
2962985
2997952
498716
1634516
1621282
1425937
703847
210142
561076
2302880
580787
306705
2940416
2598380
1978158
954482
1656311
1329981
563846
979388
2894701
2063229
2183131
1355221
2158913
2131912
2722579
991240
707120
1434361
1704665
1947734
2949129
65451
2230745
1228721
610858
379823
443454
379005
151063
1577165
332929
241324
2665165
779140
2619984
503258
2186980
513767
2276861
1920812
967892
2985885
473595
1783937
1433105
913941
2539907
782186
177110
109013
386774
943579
2822958
2278360
181391
2540065
210572
2192539
355656
202748
1183127
1739084
2133164
2414171
1108980
214367
1304435
177707
2089450
1709312
360937
537299
856660
2706992
1137771
2519317
1385461
2515047
120817
326265
578294
1395505
2375360
246540
2806211
90191
2415213
2923052
2975416
2693293
592742
1831229
2978007
2067645
1676063
1478800
2162050
475457
2891134
656452
500415
1029839
1463645
2860950
223414
2686021
575335
2784642
1192010
1027575
98352
224380
2596564
103733
2481722
1194645
1507310
2028932
1555714
2042147
2204941
188278
847024
1997343
714005
1517161
1083561
2685152
2764764
643560
815512
418184
219939
436040
2488
902283
1708478
2720702
2314284
2495553
1268233
279881
2465028
246161
2128080
119122
526278
184558
498213
2284899
1981600
1541220
2662565
840363
132751
2804249
2014518
2830070
2980059
730801
982404
2711354
1164885
2922556
1822026
860197
1371057
1384096
1584267
863985
823850
2249574
740482
2044503
2651048
1545893
341140
2848945
2725881
1826081
2410588
2663589
1102513
1129361
1811307
2149101
2429986
2245250
109562
230582
1201250
529154
195241
1270998
150958
868409
1836416
1452471
125327
1632794
2000291
1430581
2474436
270545
1948478
1120781
1022483
1842126
2188803
1886345
2203535
808191
235744
2738901
851576
2596103
2306272
1389309
1012575
1318825
2426509
1455432
1181606
448798
2820015
2890955
2013589
1954345
1038019
2777182
2552444
432252
2919125
155838
2912070
2097454
2353390
2573803
2260545
248070
2056129
2572098
1979221
708357
2660860
328185
1461468
434236
1908230
909987
554235
175822
1520865
2160182
121822
1587203
325464
600710
2630630
506287
1463168
1921233
1359374
2990004
650429
651381
2347212
2377208
901235
2744620
356407
2727998
1368565
419566
1304451
354857
2474909
920120
2044494
76817
2514957
406234
1754879
1643420
2592838
1935282
2976887
1796964
789622
1576945
1331083
664097
2565576
244537
2221075
2355244
866081
2713124
415026
2241350
322551
1603561
2108826
471906
2874415
2896296
2609224
2381328
835658
809943
2683960
2375557
1877944
2443487
15540
1338509
2345771
778947
1144493
144508
1478723
1578464
2066352
2911431
846756
1069211
809977
215874
1989870
1660322
616933
1978593
625653
1235926
740520
1877762
71608
1956459
87393
2590791
1952251
1397145
1890902
2692740
1882589
1945122
665712
2164420
1175148
1559378
2088232
1683141
368310
1187939
811698
815931
1178683
1214340
998065
915419
1946326
2900469
399213
39984
1503180
520729
1014816
2099333
2959217
361643
2020287
1032760
2761321
2289772
427819
560311
1554819
2456765
476276
1331042
1993567
1580659
1184292
980289
2092480
1340361
2811371
2567308
2759928
1963281
8427
2865801
1541522
235862
1128312
2156714
2042225
2263307
2632309
1370679
969755
1774091
795947
2407362
2336794
1616812
84805
2339454
2839085
706588
512360
2448800
1777331
2776351
634006
125271
2652895
2881353
1439304
1287607
2299117
1896087
2761105
2903561
683095
439389
1898992
1413176
2958091
1292725
1791564
1190200
951708
2997868
472705
850504
780712
1625751
2366989
1982637
760792
2250941
2585930
421809
2478403
2711182
1939904
860645
834134
2655847
1305997
736870
417362
203006
2306269
1474222
2143832
1711743
2287554
2429325
2339044
439598
2169118
2212307
715893
1855568
2379877
1408720
2719138
1697127
995795
1443931
2486491
195554
2122028
712169
2589219
1437146
2222635
2870577
1501694
2418297
2013743
2345481
957956
313701
2021178
742549
2414641
659928
1036101
2665061
2086379
790374
114851
1680473
1183259
566227
1240047
2129038
330806
2389888
2170361
252858
571745
2598285
1732819
259895
618853
2264401
1824860
1684993
2607618
2301013
2109527
2905179
2085369
1825270
1380784
2598970
2004428
1062696
657765
2572300
605516
2764089
923092
2403467
133628
196902
2039182
1920411
2339884
2250973
410408
1350396
48992
467522
1308776
831403
2624062
2644937
204455
1545606
1191254
347375
989485
2182381
1646614
2058095
1634201
1275065
1904932
2511603
1864761
2637605
436982
2609766
1197029
353083
365077
1080520
1437823
75488
1664923
525006
159353
753626
1507583
1122976
1764087
2478620
2138736
2883147
263443
1727436
2817255
690382
556806
1752515
1114218
1291485
2825747
57154
495646
993260
1126741
1396686
2066249
1197606
2094902
2642448
1550307
989372
1317084
2309910
1655625
594809
1468080
251835
1826688
322843
2819593
287482
2268367
2361459
2318141
2433474
999196
2780690
1720507
2484421
1951021
2858239
2205501
949897
1833980
1269103
580338
901420
2679693
130201
269821
2284778
767653
68102
2160390
2901754
1643550
1584129
2021506
2398164
1122384
2401392
63943
1645831
2643598
1114264
9430
2577708
477207
1065333
1961206
2409242
2015354
2804698
701749
