123603
1004357
123603
1979388
1566652
123603
787194
2808519
456280
123603
1566903
123603
123603
123603
123603
123603
519276
2469983
356907
341390
123603
123603
123603
1986649
1593299
2420146
2441345
2636611
123603
123603
565346
679584
123603
1341604
123603
123603
123603
1281837
907764
2342955
123603
1593620
2198855
1399333
594974
2482908
253796
883851
123603
740762
1654962
2161330
408641
2918825
2331774
2665358
915113
1556658
2135988
123603
123603
27310
1698091
1635072
123603
2210722
387009
123603
1974320
2213528
1701847
127061
162315
1329207
58248
123603
2374874
2054912
1769390
1534018
508297
123603
2035187
123603
670181
123603
123603
123603
804053
2243476
2416422
1068830
2356038
2319452
123603
1762119
123603
1267521
1758271
123603
123603
2009548
2284300
2264959
387206
2653873
123603
1240875
1994020
2149988
2412473
35769
123603
2844089
123603
2993590
721638
1009488
16646
123603
123603
2040458
58251
123603
151589
2419359
123603
1756639
123603
1745581
1162127
123603
322830
2399415
1776511
123603
123603
2370489
123603
1665886
2924203
479581
123603
1937924
1086758
2641335
123603
156651
296903
970262
123603
123603
123603
123603
1835132
195693
1795523
2980602
2858939
268737
123603
799667
123603
123603
1743097
668658
123603
2006504
511511
123603
123603
970686
123603
1640822
123603
563861
17371
123603
123603
123603
80327
287555
123603
1992876
123603
30365
123603
1570777
123603
1792420
835269
123603
1350978
123603
137203
1185326
188042
2720725
2057794
123603
123603
232915
123603
123603
123603
123603
123603
476400
821128
123603
440594
123603
953606
123603
570197
123603
2274707
123603
2484555
123603
1380544
591818
2957213
123603
2504329
404219
123603
1477629
2574426
123603
1924138
2231910
1234412
123603
2947510
471546
2265378
1047109
1056429
394228
123603
123603
123603
123603
123603
2080541
1956099
123603
373887
322930
1165894
1897698
1255721
334601
123603
2601171
123603
1056036
177487
123603
664324
123603
962806
927654
546532
375668
200217
2523897
1027415
1229046
2896619
123603
1285088
2424820
123603
659115
1609407
2982328
879462
123603
2644282
1251369
850475
705279
123603
2681660
1023201
1286288
2426566
842143
2721366
123603
1902303
123603
248050
123603
123603
123603
1167749
123603
279596
123603
2842919
123603
721448
1116616
882223
859458
123603
123603
123603
440935
123603
123603
2708197
2411740
2075221
954911
123603
272528
1841477
123603
123603
123603
123603
726939
123603
493636
378742
973929
123603
1284898
1730588
2252294
123603
507688
1158250
455421
123603
1907687
64511
1897435
1015347
97169
123603
123603
1549444
123603
1952211
123603
509082
969448
34838
123603
2586860
490037
210253
1266540
1945322
2011823
1256141
123603
123603
123603
123603
784635
123603
123603
2046625
2107975
2203582
2234039
123603
2648251
1423369
1884375
123603
188016
123603
769956
123603
1746238
2128261
123603
2204228
123603
1777774
123603
123603
2518737
1716167
2117439
2909183
527994
123603
2802106
1319901
123603
761240
2353575
123603
123603
2498295
1884056
304974
2540529
123603
123603
215137
528858
673672
123603
1467830
123603
1594216
123603
2901270
123603
409471
50573
123603
2049144
2221977
1554816
553077
123603
123603
991553
1855996
1165872
1462577
123603
2748542
123603
123603
2660688
515559
123603
652773
123603
123603
123603
2537082
2963366
160468
2859511
2819590
2155723
2824730
977016
2330773
123603
1851848
123603
123603
123603
123603
1192147
1252387
123603
1876969
123603
382552
123603
1175487
167589
123603
603854
123603
123603
1549632
2069878
123603
2414201
123603
825163
123603
2888034
1426829
123603
520575
745679
123603
1569144
123603
2309283
123603
653523
223579
1181838
2311457
123603
1703626
738624
2898256
2983125
541421
123603
680680
455841
2307551
2677264
2345013
123603
123603
973
123603
2657620
1948009
502530
1880743
1438263
1498526
123603
993256
2708033
2057721
1225837
123603
123603
711298
123603
1633091
123603
1051728
2643892
733526
2220922
123603
181109
772960
123603
123603
123603
123603
123603
2276169
123603
1553619
15099
123603
123603
123603
123603
798522
1755971
109897
123603
1239855
1763520
123603
123603
123603
123603
783459
1187847
123603
824869
2697113
957944
123603
123603
1554622
782821
277893
15710
123603
2816192
486182
394911
1942874
123603
123603
123603
1214674
2435327
123603
138747
31029
123603
2837830
123603
1887845
123603
902
2302927
1699450
422993
123603
922431
905997
123603
1213982
348180
123603
123603
123603
394896
718213
2317229
123603
2952788
2521925
821540
350260
123603
1938959
123603
30971
2996517
885779
2822022
397313
2070636
2564737
123603
2387330
475761
1637794
2360013
123603
483437
1342895
123603
1275883
1970171
134951
1866913
123603
123603
2746133
812766
1966365
123603
1442524
571856
32502
2121994
123603
123603
123603
1690787
1038272
2299043
123603
379988
123603
2560377
2354752
123603
123603
1192069
451228
1612790
549229
123603
2928257
33535
2989755
769633
123603
1606219
123603
824206
353624
1115260
123603
84401
123603
123603
191823
123603
936876
123603
766350
1097775
123603
1224998
388175
123603
2328073
857862
1490041
2027018
123603
2648106
123603
127827
562700
123603
1248344
2751659
2356416
123603
123603
123603
123603
123603
1374133
512429
123603
123603
664248
1694281
123603
123603
123603
2211634
123603
123603
123603
123603
1919591
2692907
1741363
474859
123603
123603
398798
657134
777238
123603
1363365
2821265
123603
2563694
123603
123603
442537
123603
306726
123603
210820
2942601
2107071
123603
123603
600047
123603
1781312
123603
2398597
2223008
123603
123603
2149476
123603
71844
2801121
1943513
691636
1415048
123603
123603
1059185
123603
2659961
2160793
1266590
456136
123603
123603
123603
123603
26590
1722041
1017477
123603
1481837
1800519
2128375
754531
2019470
268674
123603
2722006
45260
160130
1078972
1737531
921446
2927074
2433944
1185383
1145485
123603
123603
2108668
123603
1715988
1000298
1411413
123603
123603
123603
123603
123603
1598065
770849
123603
2196504
123603
1129455
1452314
1682100
123603
123603
1524777
1174819
123603
390848
1141491
312802
1004394
248165
123603
1913219
2519617
2379153
123603
877730
344079
821585
1419497
748501
1321830
123603
2606252
360430
2335695
317933
1248207
123603
844425
563006
653159
123603
1082718
123603
1794029
811861
123603
123603
2293832
123603
1269921
1445218
2861500
705291
2713853
1927057
2546717
123603
123603
817563
123603
2295045
1722129
1183567
123603
1499506
123603
123603
123603
985638
123603
1841000
2742838
1440912
2428544
123603
123603
123603
161230
123603
2986154
123603
2574265
646151
86326
123603
123603
398090
123603
200772
2482533
1789909
123603
123603
2753809
123603
123603
123603
1799789
123603
2848544
900882
878412
123603
123603
530727
1820387
123603
123603
1001127
936747
1808239
753479
123603
123603
1965646
1972365
123603
123603
2360283
123603
123603
123603
2933385
123603
123603
2421208
1681429
1252699
798549
123603
123603
2384420
2812653
518117
1664457
2007033
1689574
123603
123603
123603
2895315
2274330
123603
123603
123603
885634
240890
644908
913023
123603
2926194
201749
123603
123603
123603
2082121
627373
123603
123603
123603
1699062
123603
123603
755831
123603
737692
123603
123603
1023287
123603
2460901
123603
123603
937801
2717280
414843
123603
123603
673857
2253852
1500255
123603
854966
2732190
2473277
123603
2014590
123603
123603
123603
744387
2053289
2660919
123603
2046639
1901021
123603
123603
65926
424751
123603
123603
123603
1940091
123603
2740859
1703984
2998200
123603
2874860
864323
123603
2587909
1543311
2674747
108147
2784731
2432486
1362105
213383
1913642
123603
123603
1156673
494628
2355215
441208
123603
25594
123603
2745296
123603
123603
123603
123603
2041090
123603
1834787
123603
123603
2601395
2795935
123603
84995
1652468
789991
2740473
2268630
123603
691865
1557077
917224
235076
332441
422277
1678883
123603
183856
123603
123603
123603
123603
1967259
2220177
622862
2292944
123603
2588181
1849732
123603
2238404
47649
123603
123603
2378307
1390675
2789761
1505260
123603
729609
123603
2101155
123603
123603
123603
1481415
842689
123603
2214174
123603
123603
2177430
123603
1926706
206481
123603
123603
1703815
1642970
123603
2882542
123603
123603
2978921
123603
459925
928501
942674
123603
2457109
123603
2523211
123603
1364615
1358331
123603
1900364
123603
123603
1764900
123603
212922
123603
123603
123603
2135722
123603
2241220
423326
1302721
1616102
2737245
123603
2444370
307871
401116
820803
1166824
123603
896302
123603
1471206
123603
1246221
123603
123603
123603
340785
123603
2190234
1873010
123603
123603
88599
1897918
946789
123603
123603
1357899
808761
123603
2843326
1789389
2924683
1785902
114991
554487
638042
1299181
2406218
1747562
123603
2533913
722168
1808335
123603
925442
745402
123603
399229
123603
123603
123603
123603
1388521
123603
1119070
123603
1869943
2056076
2153887
1795707
2189295
123603
514216
123603
1378241
123603
819247
837697
2438378
1287706
123603
123603
123603
2175175
2480491
260414
123603
4721
606414
123603
2277704
2914489
595013
123603
2899530
123603
123603
2646210
123603
123603
2106812
1442233
2263699
2929270
165259
123603
123603
123603
2837306
123603
1799860
2577022
493699
123603
1951550
123603
123603
116247
2334359
409305
123603
123603
1524644
1766952
123603
656173
123603
1041452
123603
123603
1503510
123603
123603
252040
123603
123603
1165356
123603
1782690
2799588
123603
123603
123603
96555
1334325
123603
2971787
2153537
2645913
123603
1319071
1479761
123603
123603
123603
1943044
123603
28290
1874580
123603
2769093
123603
1524708
123603
123603
123603
14505
411951
2505565
123603
2084191
123603
2606903
2310344
1244419
123603
1133321
123603
552005
123603
156247
894177
123603
1584320
239397
123603
123603
123603
123603
123603
123603
399235
1610327
2223571
2410341
2451202
2647648
2936503
40187
1726443
1543101
1710706
123603
123603
1922869
123603
2570882
2463834
2207400
1448247
1980202
2828453
123603
188690
2983945
123603
1186551
1376555
2012353
123603
1645712
123603
2378365
123603
512348
123603
227944
2915858
851585
909579
123603
1775390
123603
123603
123603
226326
123603
2679160
2252316
123590
1831861
854961
814925
468268
1276928
123603
123603
780054
1080857
2486145
1735931
123603
123603
2782513
1848995
123603
123603
874739
2826426
1401958
123603
123603
123603
21999
123603
84881
123603
1182266
488858
123603
367246
123603
742712
2341265
1692533
123603
686356
123603
2703901
123603
821570
955423
2618498
123603
243842
2803101
282003
123603
1789328
171927
430132
123603
42247
662685
123603
123603
123603
21147
123603
123603
123603
123603
123603
123603
1639801
305882
1892337
2214290
123603
2772770
2371038
2620895
517954
123603
123603
123603
2914395
123603
123603
2794037
2239122
123603
123603
448502
512193
2760902
2541107
123603
123603
2792665
760264
1424748
1165184
123603
887505
1902002
2570841
123603
123603
1561055
78583
123603
292081
248308
2917748
472307
123603
949481
1049853
123603
71060
123603
2665785
111436
123603
1965879
1339396
1526455
123603
860767
123603
1685023
1786704
123603
123603
123603
123603
2927638
1105775
1064814
123603
281891
411667
2938749
14444
669756
123603
60001
2683924
123603
123603
123603
123603
1831400
123603
123603
1174390
619958
2592094
373225
781329
123603
2071232
123603
2201468
465534
123603
123603
2855221
2174463
123603
2167227
2476891
123603
733182
1476330
2663778
123603
2040952
2183773
123603
2998994
50592
767909
123603
574547
2472668
2822965
123603
74877
1166070
437136
634281
123603
2815092
123603
2867714
123603
123603
1014573
707100
123603
62842
1015409
123603
69457
166726
984584
437516
123603
1042846
2983356
2030910
123603
1064642
2088856
1322951
1419121
123603
2993540
123603
123603
123603
1909882
1660707
123603
183255
123603
123603
123603
123603
123603
162402
123603
123603
2124136
123603
123603
123603
1156668
2639663
26338
123603
123603
1998487
708014
899650
123603
445039
569095
123603
1630685
505490
1211822
123603
1090513
123603
1511397
123603
2688806
123603
123603
658195
1206597
180617
1273177
123603
123603
123603
123603
160968
123603
123603
1791399
2341912
2957854
1901099
123603
123603
123603
1276702
2750027
123603
123603
1958756
123603
123603
1821912
301607
123603
1882129
123603
123603
2968169
1298818
2715034
1619045
123603
2903900
1771705
1589511
123603
2776534
1931033
123603
2305037
123603
2241889
123603
123603
123603
2951324
123603
752977
123603
836947
2439600
1697115
1865724
2775536
123603
123603
123603
2388644
1083542
2085597
1659565
2954139
857175
1694295
1265353
2886090
123603
123603
2943709
229714
123603
1505853
175520
123603
123603
123603
2413563
123603
123603
2210266
2431837
2398499
123603
123603
537310
123603
2889533
123603
462138
1932808
1770964
123603
2901396
123603
1374702
1862514
123603
673675
123603
123603
123603
1871184
321019
202030
123603
2267708
123603
2515900
862909
123603
123603
11084
1011779
1395660
123603
123603
123603
123603
278088
2529967
123603
1551416
123603
541803
1235128
281854
549065
123603
123603
123603
800684
2852401
123603
123603
1669540
123603
1160936
123603
1275174
1705613
377987
123603
64332
123603
123603
123603
665173
123603
2516157
123603
2893387
123603
2216883
2037265
828568
123603
123603
123603
123603
123603
233837
123603
103079
1627889
123603
1410391
123603
682532
2921146
123603
2323247
2217842
1716172
1912103
123603
123603
2841524
2551297
1688248
123603
123603
123603
123603
1400707
762963
43974
123603
2538047
1466060
2755701
1126184
2310773
2680842
87534
485594
123603
1201816
1305456
909965
2263674
2844500
123603
123603
123603
1267959
998153
123603
909486
2769935
123603
123603
123603
2807804
123603
932133
1282432
191815
123603
123603
2841783
123603
123603
123603
854836
2052742
123603
2820212
1228666
123603
588190
123603
123603
293885
2134247
1857547
123603
123603
123603
1790333
2550339
123603
123603
59237
123603
996705
123603
238294
2291510
974270
132206
123603
1368674
1299802
738278
123603
1165250
123603
123603
865627
2500284
1782226
123603
2835384
123603
310406
198497
526254
544313
5345
123603
649404
1019386
56524
123603
645307
726213
290401
2174720
123603
123603
123603
1005062
580965
123603
123603
386247
1101091
123603
635257
225782
123603
123603
123603
2050993
123603
1469470
2620119
123603
779356
123603
1686990
2352845
123603
2207428
123603
92543
2432379
2144173
123603
123603
1476527
123603
2563017
1419997
1802487
123603
871712
2522559
123603
123603
123603
123603
393720
208976
123603
1660634
2163999
123603
123603
123603
123603
786587
364573
123603
747796
2322344
123603
1043942
615023
123603
123603
123603
123603
123603
2778804
123603
2921663
123603
1054002
62366
123603
123603
663347
123603
200801
256219
941905
123603
123603
123603
2917750
123603
123603
1710110
1328783
1012213
123603
1272739
123603
123603
2811136
929651
123603
1548803
123603
123603
1079678
123603
215748
123603
2338907
2352252
1432045
123603
123603
603394
123603
123603
624842
341007
123603
123603
2982491
123603
179167
123603
1487239
123603
1080005
1935591
644165
123603
2907965
123603
78934
377061
2139477
887865
123603
123603
2522740
123603
1643703
123603
680933
1890998
123603
2086535
2584528
123603
123603
1186487
27618
2833525
2594018
218832
2962011
123603
123603
123603
1802234
123603
123603
123603
1318797
512649
123603
123603
123603
447716
2663270
123603
1599206
1807121
1031686
2842267
1332909
123603
123603
1339998
2708173
123603
2242841
825234
123603
1455081
2981515
1057197
123603
123603
1149282
2261893
2832584
123603
123603
1063080
2144186
2507789
392258
123603
123603
1635529
123603
348913
1192547
123603
849134
2872220
2047602
123603
123603
955949
123603
123603
123603
1543634
2217496
123603
123603
1783534
123603
123603
567113
297801
123603
123603
1707386
343886
2095105
294737
1188932
433696
123603
1623490
123603
123603
860471
869462
123603
1405366
246736
123603
1724123
1851670
123603
983041
1110969
423797
1567312
123603
2187109
1114587
194964
105809
300594
2178310
2746725
2438195
123603
1189885
2510905
1348291
123603
246028
2895008
2451639
2978489
123603
123603
875449
680351
123603
2539085
253864
123603
123603
878639
1164447
2501634
2547876
1358003
123603
123603
298125
764497
123603
123603
1103659
1715451
123603
804472
2065436
1431877
2332588
123603
123603
123603
123603
786124
2799367
123603
123603
387583
2896574
2952490
2210706
123603
2128000
347861
123603
123603
123603
1333807
546526
123603
951072
123603
1460406
1347275
123603
1731408
582860
123603
123603
123603
1169109
826218
2691351
123603
123603
2474263
123603
2909086
353279
787475
123603
1398861
123603
1417703
123603
123603
109994
1876285
2331329
2757336
28285
123603
2554203
1713014
2584067
996287
123603
123603
123603
17838
1363290
112956
123603
2438468
2453549
1530213
944583
1120289
1423792
1299890
1399180
123603
2124391
891875
123603
123603
123603
123603
2280012
279394
451238
1161511
2271760
123603
1915700
1092075
123603
409642
591817
123603
480096
2653428
123603
123603
1897084
282570
1029415
1476367
1292550
123603
2588702
925673
123603
2289036
402632
123603
2768563
123603
123603
2352801
238277
123603
35532
176397
2733984
873489
123603
83602
2635576
639622
123603
2113753
1956722
123603
123603
2161404
493337
123603
2827190
409777
1499011
511961
123603
1954460
1408536
733755
2580393
2954137
1486931
123603
8814
123603
2347195
2730210
123603
123603
123603
123603
123603
800108
123603
123603
1793414
3113
123603
2173210
2647844
123603
876601
423536
217711
1876097
2933149
123603
648225
123603
1710266
1227389
237005
1079414
1764668
123603
1371686
2025817
389755
900318
385288
1504249
2884791
2136178
123603
2626328
2453803
123603
2486989
123603
331324
2333478
2201767
1511867
123603
123603
1772242
123603
346708
123603
123603
1074070
123603
2222702
123603
123603
1332870
123603
123603
1004339
1816549
123603
123603
2863674
123603
800060
22174
2977027
123603
961687
2960003
2534759
2083384
1791046
1238617
1473663
1965870
2307472
123603
522393
1916992
283745
85863
123603
1556073
123603
953669
123603
123603
123603
123603
1309102
318780
1362871
765851
125051
123603
1963053
123603
605586
123603
123603
2358523
458478
1196687
123603
841584
195879
123603
1537671
123603
123603
2183338
1080489
1976160
189662
123603
123603
1589690
194815
898943
2493094
123603
540381
48172
123603
2196269
123603
184594
123603
123603
123603
123603
123603
2827843
2796713
123603
123603
123603
123603
123603
2974578
2729808
123603
123603
123603
479465
123603
697413
2860406
123603
2819357
123603
412906
123603
123603
1373556
123603
123603
123603
123603
1175943
123603
844280
2076632
123603
1352235
123603
123603
123603
63312
276221
123603
2166202
2783501
123603
123603
1975503
463492
123603
123603
1059786
2755339
561339
2798862
123603
250318
1859529
123603
1200120
2911284
2328343
1123315
220684
2718526
1480094
818554
1345814
123603
1909992
123603
2071054
1683299
123603
123603
123603
123603
1493375
123603
2697116
669829
123603
123603
2560852
123603
123603
1539525
2960187
2543382
1709727
1793034
123603
123603
1125496
1118756
2388967
2284962
147930
2640111
2934358
123603
1016692
2116447
123603
592159
2365714
123603
123603
62367
314861
123603
123603
123603
123603
123603
123603
2963834
2037845
123603
2517638
123603
123603
1025612
123603
123603
2166698
1868017
1514619
123603
123603
123603
1787017
1208853
123603
2979413
123603
2979367
2725702
123603
123603
123603
17042
1243425
123603
2456683
2058670
123603
123603
123603
2559521
2470455
123603
123603
123603
2720937
1051337
123603
147702
123603
123603
996660
123603
1335253
836956
123603
1325791
123603
123603
440108
2310604
123603
723050
123603
589525
1617179
123603
123603
123603
2461827
123603
123603
974123
1346828
123603
1269873
2947809
123603
2337042
1803694
123603
1330253
123603
537574
123603
123603
123603
281808
123603
123603
123603
123603
15414
123603
286286
37555
686951
1683249
123603
681725
123603
2485204
1162057
2242235
123603
2832161
2165632
384423
123603
1028204
2566817
1062509
472497
123603
123603
939718
2934831
123603
123603
123603
2461039
123603
523982
1163460
345546
123603
2127965
123603
782460
851520
123603
372356
123603
1704389
969722
123603
123603
123603
817475
1920947
123603
1541920
1415672
123603
2907509
123603
123603
2327365
123603
2546681
1395406
2363846
123603
2416704
653472
1947724
123603
123603
123603
123603
123603
123603
123603
406371
123603
1823198
123603
532106
123603
123603
2073328
123603
1628932
2601313
1317632
637073
123603
123603
2447802
123603
123603
1395429
123603
123603
123603
1541536
2765380
123603
123603
2998808
853355
123603
1867371
2408544
123603
854307
1025001
123603
68824
123603
2096170
2353410
509946
2338405
1225996
123603
588947
123603
2038310
123603
892626
2763480
2427930
170735
123603
123603
2009655
2796397
123603
1573864
1165575
123603
677507
167708
1292076
123603
1457013
2416118
1095881
899880
123603
123603
123603
123603
123603
1346843
2010569
123603
2524018
1162469
1227355
1993202
371050
2934278
2874903
123603
123603
2420880
123603
1048558
593088
1463438
746829
1266040
2757270
1223767
2456401
123603
123603
2289079
577449
1327406
123603
123603
2978864
1178840
2981398
123603
123603
573670
902616
583976
123603
884930
123603
2739999
123603
2853409
123603
759059
2154431
123603
123603
1220437
110411
2828050
731546
1789969
123603
123603
123603
643380
123603
1064413
2626600
1237755
6080
512665
236116
1092200
123603
1765825
653676
2000093
1431027
123603
123603
1750131
123603
123603
123603
2235597
123603
618644
113823
1475544
123603
123603
123603
123603
123603
2582038
123603
2538920
123603
193222
530240
123603
1119644
1433013
123603
2725436
2744065
1831027
123603
919759
141220
95204
2408717
972715
2452138
123603
756941
1954782
1446460
123603
758534
1297426
2064902
2316401
123603
168909
795809
331107
1233763
123603
100986
2042500
2783163
2536700
123603
1905432
123603
1545503
1001079
39830
1799266
644331
123603
123603
123603
1903517
2047162
2230128
123603
123603
123603
2462832
123603
123603
1144894
123603
123603
2631637
153196
855081
123603
1432481
2389842
456644
824813
386574
123603
340797
1762257
123603
1856155
123603
2261407
1262740
123603
1080204
123603
1898969
1916157
2904503
123603
123603
1787574
123603
123603
123603
1335493
2727915
2561840
123603
123603
123603
123603
123603
123603
794188
1114962
123603
1396929
1922900
123603
2197242
2537560
123603
1899001
1917683
123603
1968817
850176
281531
123603
2047993
928876
945256
1951329
620966
123603
123603
1377316
633948
123603
123603
123603
334046
1914553
123603
806242
123603
123603
123603
208519
2755630
2597552
1020414
1896153
123603
2982634
577522
123603
123603
236181
483872
2401645
123603
123603
80750
2230829
123603
1698587
1526072
123603
951765
975199
123603
123603
1794607
2957586
2095595
344501
123603
2450236
1269141
123603
395479
2073385
123603
123603
123603
138001
1146795
123603
2854038
1457473
123603
2547013
229958
1639812
123603
1157050
2425183
2620203
1715639
123603
1182526
1597658
1666129
2136572
123603
123603
123603
123603
123603
2428810
466796
2999227
123603
123603
123603
123603
123603
2713815
123603
2777498
2571564
1524079
1138324
123603
123603
2686121
123603
123603
2172303
915948
2757554
1378512
1013750
356915
2934715
123603
123603
2578874
16549
123603
123603
1237853
123603
1257521
796252
123603
123603
1879254
316975
1844754
123603
1204942
123603
123603
2959664
123603
123603
1115010
2123484
2945797
123603
2834475
65475
675821
2699584
531934
404992
123603
2984504
123603
123603
1587332
123603
123603
123603
2685087
904322
2476858
2130793
123603
123603
123603
511355
123603
123603
610784
156630
1703914
123603
1693209
123603
123603
123603
123603
1867932
818964
2384303
2268787
250088
2056686
123603
123603
1569338
2266950
123603
430821
570711
123603
194012
2688301
123603
171789
123603
2142765
123603
699701
123603
123603
123603
1974794
1409845
123603
298795
1216507
2935219
123603
2083887
1892445
123603
1305161
123603
123603
123603
262684
546352
123603
123603
669029
840919
1845729
123603
1643684
1445094
1985450
2362690
1243273
2823009
123603
123603
123603
123603
2882538
123603
567637
2391380
123603
1560746
1093006
677057
123603
123603
123603
123603
864050
123603
448943
2444159
867767
1651475
123603
123603
1453338
405453
1840793
2170883
1966802
123603
123603
123603
442714
2989933
1253711
1720938
123603
2462698
2425944
84288
2536005
2017943
123603
123603
2119128
123603
40793
1658923
1607153
2795834
123603
123603
1457590
190224
123603
123603
2419819
2519597
123603
123603
2289919
2269473
123603
123603
1517804
123603
2080094
745650
2468010
123603
516826
1402135
123603
1281647
1663595
152144
123603
123603
2885767
123603
2481958
123603
123603
1616997
734460
1910665
123603
1371008
2587628
2706605
1454289
2625600
123603
1228698
2491383
123603
123603
123603
123603
2426077
123603
123603
123603
1248423
426861
2570719
983068
91534
1078257
2162364
1698515
123603
123603
990564
123603
123603
2063280
43699
123603
1370037
2122239
2575968
123603
123603
2186903
1723768
123603
661877
2490090
123603
2061243
2926037
2658255
1985327
1808849
1393150
123603
1542839
394932
123603
123603
108459
2785529
1211413
589046
570100
344261
1310926
123603
159810
123603
1361877
1136270
415634
123603
123603
249226
2682252
494473
123603
136272
484366
2378621
123603
20722
123603
123603
862557
1039599
123603
1630005
504017
123603
123603
123603
1183365
123603
123603
123603
2212479
123603
1639569
123603
2938642
2754679
626913
123603
123603
2682390
123603
123603
123603
538707
2272369
1081039
2157757
682935
1543614
123603
351305
2837014
123603
123603
2911902
123603
123603
123603
1833977
589739
1315949
2236883
846046
533560
123603
1779224
123603
2466382
264121
2033748
123603
123603
123603
123603
123603
169719
1088148
123603
2316178
1806916
1499328
123603
123603
1713742
1923792
1650900
123603
436429
1174273
123603
123603
123603
123603
2248073
1065175
594393
123603
1708961
123603
561398
123603
123603
1584909
503493
1911921
669825
1579290
123603
123603
852853
1066467
123603
512588
123603
123603
2135051
123603
1728172
1420832
2070571
1862295
1787577
123603
688793
1589045
1433250
301022
1061996
612575
738145
1670773
123603
123603
2564403
1255188
123603
123603
2820201
548693
506112
123603
2487269
2897213
123603
123603
123603
1042197
1403308
123603
2016668
2084897
2746616
2661985
123603
1539724
2712871
20283
123603
2093090
123603
2269797
123603
1817819
123603
1555869
123603
2970662
1804868
1293324
123603
1642582
2013619
123603
123603
2538373
1905092
1935618
377503
2594428
1326476
870294
2220330
1948905
231079
693081
123603
891854
914856
1251960
1804249
1848433
2942
1633960
1501770
795509
2566414
2385666
123603
1411897
123603
123603
2463350
123603
123603
2899943
123603
123603
1870611
1823970
2469028
123603
2477726
123603
123603
123603
1566259
2529565
896911
123603
123603
632866
1506148
123603
123603
1650567
123603
913761
597549
123603
2926374
2658696
906138
97783
123603
961851
123603
1209109
1441311
1894424
2102081
1928008
2293645
859488
2362255
2593237
123603
123603
123603
1106892
1904363
2874243
117146
1028491
123603
2452209
2407700
123603
123603
123603
123603
123603
215283
123603
123603
2868121
1306676
1884227
225034
123603
550439
663981
1855001
1544889
575735
123603
1449993
76228
123603
355932
1095969
394621
1305151
934204
123603
123603
1026571
1440139
267497
1674296
123603
69866
2081087
123603
145894
123603
2646641
997413
1936146
797865
2835489
565359
1151554
952729
803434
123603
123603
601677
1491349
123603
1710494
123603
1232403
123603
2584319
123603
123603
123603
9190
123603
763873
714446
123603
2320117
123603
2968416
2842810
2069456
1706571
27785
123603
123603
767756
1957856
699067
1784327
533505
2431372
2361940
2393797
123603
123603
1977323
2123389
123603
123603
2968640
123603
2955470
2435680
123603
123603
1436835
123603
123603
2680069
123603
123603
2494142
1807320
2093094
123603
1525316
123603
1557513
1282738
123603
123603
123603
123603
123603
2708657
1469819
1610794
1241450
2341985
2627867
2167095
2508087
1081274
2200191
123603
326353
217543
123603
1069809
145657
1752016
123603
123603
2617325
2481750
123603
1317966
123603
108877
1387180
156598
767813
1248803
1157915
401104
123603
566894
123603
123603
2128041
123603
2235657
644968
2861659
123603
123603
932580
973695
2424930
2028340
2279712
1906186
1998914
123603
752160
2284016
123603
123603
123603
42857
2996972
123603
982618
123603
123603
123603
123603
123603
123603
1319531
724147
2678083
814901
2466465
123603
1677249
123603
123603
535966
943245
1088354
123603
417359
557469
123603
123603
97777
123603
123603
123603
1645071
123603
1317086
865306
123603
2313910
1665094
123603
470772
2676258
1645200
123603
2353000
123603
982693
123603
123603
35737
1407781
389006
2156059
123603
2023694
123603
1204776
123603
428762
123603
123603
2555280
1200836
1590988
912835
445697
123603
123603
123603
123603
123603
428394
1282262
123603
2685301
123603
2474877
2224000
827556
123603
2757038
123603
2896989
123603
123603
123603
123603
337690
123603
2373203
123603
1422140
2460491
123603
2682103
2518076
562062
1451711
123603
123603
1135674
2708626
1775341
1561511
801601
123603
226483
123603
123603
1098716
123603
123603
1873779
1495933
123603
123603
123603
403416
123603
123603
123603
123603
2012220
1020594
123603
155369
123603
123603
1407672
123603
2394742
123603
123603
468076
117684
123603
123603
123603
123603
123603
369829
354149
893569
2645144
123603
123603
1806076
1076632
123603
123603
123603
123603
741257
123603
123603
123603
123603
123603
2319376
1499387
1215407
272745
1547396
123603
123603
123603
123603
874106
581990
2155466
123603
123603
123603
1988635
123603
123603
795941
1356306
1476099
1124674
177263
123603
2814271
1559652
2535102
123603
123603
123603
123603
989104
123603
166489
123603
123603
496919
1235700
818174
2763520
1922300
1177758
123603
2829103
123603
2875510
123603
204037
2352469
123603
2988186
2637630
123603
1927658
123603
1633069
2837547
326165
123603
1931390
123603
2684255
123603
807505
123603
1404740
356589
123603
681513
123603
123603
1241166
788168
1460183
123603
123603
985493
123603
2201987
2753531
2577927
1746894
123603
123603
881982
123603
123603
1548920
2608898
525490
693098
796384
123603
123603
3928
2376788
123603
123603
1976238
24223
1136996
123603
1055445
2299820
57571
428124
1476382
2278857
1901815
123603
123603
123603
1666047
968700
227155
364813
123603
531001
984870
123603
123603
1432065
123603
123603
2601297
2930449
1470993
883216
123603
290450
123603
1010466
2754714
2565984
123603
2370384
2544135
1622701
2032726
123603
123603
1342210
413318
2475635
116877
757593
123603
123603
123603
123603
123603
1523135
123603
718003
2616875
123603
2847095
460244
123603
123603
998817
123603
1867317
975708
2538698
2655153
2368456
123603
536932
123603
577896
941538
1577667
123603
919789
1953290
2203668
965274
2290725
1655228
123603
123603
307336
123603
123603
2542479
1046091
2289
123603
123603
123603
686364
123603
123603
123603
1223216
1871150
123603
123603
123603
396298
379919
123603
123603
917459
2477026
2245884
1654764
123603
350987
123603
123603
1357454
2585638
2410517
123603
1317622
123603
123603
2668850
846249
11886
1429078
1620129
123603
2679414
1367264
1638691
54819
1363967
909852
2318525
1303714
123603
206766
123603
2404905
123603
1552374
2165524
2888889
1849749
1121008
2617032
653423
123603
2237960
123603
123603
123603
2764591
1749032
163977
715433
1824535
1904075
982621
1920639
379041
123603
123603
585999
2617419
123603
123603
1768295
2970748
348906
123603
123603
2898398
123603
645293
123603
934612
2084864
123603
123603
123603
130356
123603
1452986
123603
123603
123603
588458
123603
1649939
643620
123603
123603
123603
1203975
123603
1125240
2195067
920330
123603
179876
123603
2599862
2735896
182735
1936882
1458733
2569617
2681134
123603
2745217
123603
123603
1715393
123603
123603
1349412
2436930
123603
724238
1725748
1382986
2627401
617041
123603
2905759
123603
446223
2305574
73150
2677314
2514262
123603
2884468
209987
1116378
978617
1823826
2692917
1152571
123603
1406326
470304
123603
1709536
2932261
123603
780347
246259
1949838
877971
911846
123603
123603
1463056
896649
123603
1187778
2221929
123603
1815060
123603
2098688
462561
1716713
123603
2147396
381417
1977707
123603
123603
2140071
123603
123603
1864792
727276
2680286
123603
460228
2197051
2289486
233219
19950
661302
123603
2755078
1706951
600928
1953394
123603
123603
1479895
478446
1197069
123603
94257
1489131
315788
123603
123603
123603
1362820
123603
1979198
123603
1752469
123603
2634949
1781044
123603
2024306
433393
123603
2773845
453838
2346838
1397656
2592423
1589911
123603
2863275
1146104
2845481
2689089
123603
123603
376762
2034339
1359594
123603
123603
123603
123603
1208563
123603
123603
2496144
354915
2443203
460064
123603
123603
2968604
1319482
123603
123603
123603
656465
123603
123603
2466856
2988243
1646451
123603
476906
2970349
1423522
123603
2625459
123603
2617945
123603
123603
123603
609690
123603
123603
1966114
1119380
123603
2394151
123603
2357247
2391569
2102889
725093
123603
2712059
2993040
1686349
123603
1188197
2595298
2508268
1784927
2135555
1996351
1574498
2879723
1319555
2797501
523006
123603
464803
123603
123603
123603
123603
1097283
123603
1755782
123603
123603
123603
123603
649226
892810
123603
123603
123603
2401099
123603
2062943
2606651
1885820
315614
123603
618835
123603
2092652
123603
123603
123603
123603
286221
665044
123603
123603
2617568
123603
1971000
1250181
123603
2233486
128582
123603
1945551
1475467
123603
123603
690227
123603
709148
123603
943373
2189489
123603
1069325
1952864
2326128
2735444
123603
123603
177364
123603
123603
1645232
2301705
123603
123603
2585287
1945638
123603
2389621
2612175
2464719
1811472
123603
1739555
2454580
1264273
2486611
2021736
824103
263538
2293710
123603
1016356
123603
123603
2356224
299211
123603
123603
2207922
2082917
123603
905069
1871570
1755217
2769347
1997297
838177
123603
313914
123603
2706305
123603
1529596
2130030
1580645
1751709
1176854
123603
2362262
42851
123603
2501627
123603
123603
123603
406771
2785233
2219478
123603
123603
2201730
123603
1415260
2281751
123603
95033
123603
123603
1213290
881281
2997435
2732509
2907771
512503
1313225
258444
2017923
123603
1370113
2051707
123603
1299771
123603
1658276
2134885
2738492
2241210
1607523
1399202
123603
1267483
2083241
123603
1964
123603
2404469
1216591
2647016
123603
693379
123603
123603
123603
123603
2378947
123603
123603
123603
123603
123603
713311
123603
123603
1219122
861571
141139
1310219
1890391
1270285
123603
123603
2170801
123603
123603
1195477
1242650
1382429
950242
123603
1608902
255056
123603
123603
123603
123603
697434
935026
123603
70552
2074390
1071626
2906719
123603
123603
1414969
123603
123603
437084
2754325
2071474
123603
235297
2048541
936680
2060490
333569
2431954
28742
1121262
123603
2988391
123603
1181140
123603
2343978
665737
2187779
931441
466857
123603
123603
2204940
19223
123603
123603
123603
2682196
236479
1566360
123603
123603
1129367
123603
1107986
123603
1864059
123603
123603
622333
2682893
123603
123603
123603
1922284
206910
123603
123603
465414
123603
1627364
874622
1496397
123603
123603
2947420
1901322
123603
1054983
123603
123603
1604680
9384
123603
2463395
1816737
123603
834872
1768327
123603
123603
123603
1126135
123603
123603
123603
123603
2953216
2719950
2364517
2904833
1467462
123603
123603
240704
1464937
2097064
597424
123603
1599066
123603
1027248
627014
533863
2561484
189689
1668990
96583
123603
2154596
123603
1617651
2980952
123603
1270440
2001107
1269253
123603
123603
259937
1561851
2766154
123603
123603
123603
2106872
123603
2789610
871492
1688891
744113
2449152
11302
123603
595664
1639415
123603
123603
123603
2863060
123603
123603
2992625
123603
712048
123603
1964081
123603
738985
2710372
123603
700990
123603
123603
1081831
123603
123603
123603
123603
123603
123603
123603
901437
123603
1014236
2276456
816166
1775486
1216169
709077
2699963
123603
196886
123603
2446785
2777730
730633
1387745
699642
123603
1980591
123603
353315
2924510
875916
123603
746314
951175
434838
1645922
698290
835069
119912
2813103
123603
2466239
679287
123603
123603
986134
669514
2680396
1906413
123603
123603
1840610
1394737
34242
123603
123603
418123
1179043
1856651
123603
2949871
330985
123603
123603
123603
770413
2877040
2598687
2164097
123603
123603
2502734
1727163
123603
123603
1713848
356628
2476241
123603
123603
123603
1238426
312326
123603
123603
123603
2127523
664123
923582
1050259
123603
123603
2561969
2745474
123603
123603
123603
123603
341082
754278
123603
123603
324996
2241050
1730292
123603
648309
123603
123603
786561
123603
1969348
1031946
859125
123603
1752475
123603
123603
123603
165513
116658
1944630
2670912
449702
1201678
123603
123603
123603
2391487
1358738
2713383
123603
1108537
1827245
485655
123603
123603
443915
1681989
123603
241564
1016682
2708989
1774268
2374052
918784
123603
123603
123603
2395868
123603
123603
1878908
123603
911850
1096774
123603
123603
183975
123603
123603
163970
123603
123603
271352
1239223
1824182
317280
123603
2138507
2584253
123603
2027215
123603
123603
123603
123603
123603
1066347
123603
912226
123603
123603
123603
123603
123603
123603
644491
623367
123603
1029894
559762
123603
1120280
494765
892946
123603
123603
2832152
2458472
1227520
180751
2386606
123603
1993178
123603
2589093
123603
1886030
101286
957722
23918
2300522
123603
2434973
123603
1358145
223459
1303215
1711450
1167740
2861690
123603
123603
1301830
123603
2832000
123603
123603
2173259
1018449
123603
123603
824546
1178379
2588942
1073626
123603
857046
746010
1418610
233307
2669025
123603
123603
38223
123603
462619
1530190
1725684
123603
2498189
2461026
2111645
1828965
2350050
123603
788259
123603
123603
2623317
2732349
1772557
270760
123603
1831327
2347115
2328494
123603
123603
123603
858212
881559
123603
123603
149290
123603
123603
2682471
123603
123603
227384
123603
1522959
123603
2750002
826719
2875092
1733126
267204
123603
123603
475454
123603
188210
1626918
2655370
1283741
123603
123603
123603
654965
123603
2497527
2108908
123603
123603
1039846
1260787
134170
123603
2643591
1243703
123603
123603
123603
123603
1313724
123603
1997655
1155222
636387
123603
123603
123603
2034529
123603
123603
1348118
495046
123603
604390
123603
123603
123603
123603
1114252
954025
2457426
230332
123603
28973
327399
1628154
123603
123603
123603
123603
1707323
2926953
695481
1128082
123603
660587
348473
2089925
123603
123603
1906087
2957615
2416628
2648651
2861192
123603
123603
2984570
123603
1650192
397293
123603
123603
123603
998402
1476936
282410
1717485
106351
2005172
123603
123603
123603
123603
123603
1120010
2442574
2350953
1044377
123603
1024263
123603
123603
630727
1279799
1908326
123603
123603
123603
1162401
861375
123603
1523511
626983
873803
123603
2265453
123603
123603
1987356
123603
1939503
123603
123603
123603
1819284
2408525
642347
2651506
123603
331674
123603
1634772
2464203
123603
2212515
851034
130162
123603
123603
2720898
2636946
825900
1507895
227448
123603
2736377
123603
123603
123603
933162
123603
123603
2290700
2377477
2578940
123603
2996792
1766928
123603
219464
1538312
123603
854679
123603
2908892
671910
2991378
1684909
2761347
123603
2342570
123603
190888
2628790
2161668
123603
2067519
2219946
1092743
752777
123603
153617
2663610
123603
123603
309995
123603
1228827
123603
123603
996523
123603
123603
123603
123603
123603
123603
2112115
1018190
141648
123603
123603
123603
1930871
123603
2590406
123603
568422
2803681
599913
123603
123603
123603
1951548
42592
123603
123603
123603
1385595
1560102
2319992
1525492
1958302
1561823
123603
123603
2659690
2658365
123603
123603
123603
2576679
123603
2583012
1326004
2249132
2732700
2948840
27120
123603
1442752
123603
965540
123603
123603
334592
2285959
1039979
769991
123603
784988
1464583
123603
209045
2895904
2466203
1110667
2176312
605267
2407460
1979769
2565857
2159617
1970165
439210
2580009
123603
624640
1489238
123603
1666847
2834005
123603
1187289
123603
123603
2992015
846954
1322720
123603
2547485
351706
123603
123603
2804736
904780
1220455
123603
1596447
30728
1372933
2121333
123603
2295467
380778
123603
123603
2744920
2788721
123603
2812483
123603
123603
123603
1017492
123603
123603
123603
123603
1180786
1708267
1359319
2137124
123603
626456
123603
999583
123603
123603
194084
2081025
123603
997712
1383263
2499782
858272
123603
1632025
2022372
2060610
1391623
123603
1405791
123603
1849825
322230
123603
123603
123603
123603
1550507
2323694
352745
123603
2602983
2086348
2963955
2083983
123603
210685
123603
706267
2540729
2533728
2859330
123603
322084
132003
123603
123603
2507446
2536793
2107985
1211248
2644664
700530
123603
1398505
123603
207788
123603
1623061
2346782
779511
1787647
564736
908276
2138632
1354650
995316
663177
937492
123603
123603
1367225
123603
663785
123603
123603
1798676
2874080
123603
2177748
621677
2207237
953355
1282213
1535394
2711307
307752
2903029
123603
2515646
854896
947221
662307
123603
1713795
793090
123603
2779403
2326679
123603
333548
123603
1009668
294435
123603
882458
1908169
2753668
123603
1078507
119924
1880379
123603
2544178
1746732
123603
2669770
2106567
123603
123603
123603
123603
2873995
2773412
123603
1433149
123603
507578
2919059
2665395
123603
123603
1891279
123603
2354062
123603
1525590
876970
123603
1852550
123603
1014460
123603
123603
2118810
2554487
2226377
2847746
1150409
2580226
123603
112247
123603
2930748
123603
1730808
1065409
3770
123603
123603
123603
123603
123603
2815083
2601766
123603
1037104
123603
1801084
914077
920139
88200
32799
1704347
123603
123603
116655
51294
2970653
123603
2484162
123603
567737
2470761
436670
123603
1855888
123603
1050506
1231242
123603
123603
123603
123603
123603
123603
322250
1325492
123603
2166538
123603
692520
123603
2799568
2013464
2299936
123603
123603
1843400
70274
2251258
2440145
1316470
1123805
123603
929039
123603
123603
2397134
1422532
123603
123603
861579
208826
676843
123603
1037494
2851535
123603
872724
123603
2088479
123603
1863019
123603
123603
123603
980674
1446520
123603
123603
123603
857314
2535911
1576238
2629218
2963141
544357
402693
2012812
2316295
123603
2357050
123603
123603
123603
123603
307896
123603
123603
2209006
2799126
123603
123603
2933521
2391064
2471894
537734
179415
1122238
2316576
990499
1350522
301963
123603
558201
123603
79247
1237924
919378
2534922
123603
2691424
736979
1018959
123603
123603
2251235
123603
123603
107133
2199851
2612247
1774745
1932662
2371525
555367
961356
93300
123603
123603
123603
123603
2646533
123603
2075740
123603
123603
1183879
123603
1896634
2429886
123603
1530293
123603
863723
123603
1400624
2102635
737316
2365222
123603
123603
123603
2994517
123603
1796434
218024
555567
123603
123603
558530
123603
123603
123603
866813
123603
1390346
1191223
123603
289998
2685718
2168806
2935774
375008
2001497
123603
123603
1511613
123603
933788
1072550
275539
123603
123603
795459
1838198
1663611
123603
123603
123603
1667267
123603
123603
123603
123603
2448731
123603
123603
123603
1620610
290850
2633040
123603
123603
312017
1880672
123603
123603
2557822
123603
2614300
1598660
123603
123603
2668847
1077575
1258213
2174948
337515
1096541
630443
123603
123603
1766170
419154
1436896
123603
123603
1359892
123603
2891363
123603
917911
123603
123603
1554689
1238716
123603
785605
2016107
397
1392590
123603
1679322
2956887
123603
123603
123603
1958602
1062837
1397034
299711
87936
2881125
123603
888653
2931044
123603
123603
123603
2232817
2653655
123603
1072010
932439
1668191
2197434
123603
1915748
2065343
123603
411174
123603
2104163
167846
1925684
123603
123603
606061
2869173
2570005
87529
123603
1293543
2269268
123603
2397033
72534
123603
2768340
131807
57432
904740
540003
123603
976852
1480531
123603
123603
1857099
362418
1171842
1767966
123603
123603
123603
123603
1108030
123603
123603
236072
164088
320541
123603
2965437
2913960
2561065
1618867
511998
2832611
123603
123603
123603
123603
1275250
1384084
123603
123603
489098
123603
123603
123603
923028
123603
123603
115326
2609735
777770
41631
123603
1607872
753194
123603
123603
123603
1794219
25800
123603
123603
123603
822306
2898146
2431642
1558540
123603
1868986
2111485
123603
123603
123603
123603
1703597
123603
773390
123603
8809
123603
123603
86515
123603
2358031
123603
2357285
1195694
1566519
954245
1671337
2117377
502915
123603
709347
123603
2546907
2278467
123603
940606
284811
1473266
1423214
2642840
624722
123603
123603
405735
123603
123603
123603
2377203
1985117
123603
723207
2308215
123603
123603
2501661
119631
794500
123603
2044055
299628
1179084
123603
2143411
123603
2349115
123603
123603
123603
123603
123603
123603
123603
1267819
2840949
1303542
123603
80717
123603
1086223
1545349
2663009
137460
379050
2289347
123603
123603
2447841
2860278
123603
2524232
123603
1393005
123603
123603
425980
1353970
1149306
2351410
1686681
123603
39701
332884
1366311
123603
1936697
123603
123603
116069
123603
1715615
123603
1926814
123603
123603
2754165
1092311
1491497
123603
123603
123603
99719
886073
1185528
2616905
1237626
2812102
2212799
123603
2908364
123603
1198345
1062825
123603
123603
1429894
2663634
2060983
123603
123603
123603
2780102
123603
123603
2860897
123603
123603
1896748
2398509
687038
1328512
2794256
2200662
123603
123603
1226601
123603
123603
123603
123603
68179
1541076
1173153
1503578
708318
289405
123603
123603
945736
110252
1242478
123603
776807
1697908
1533127
123603
1443633
1156122
2081870
123603
123603
502235
1803815
2477907
123603
123603
1128794
2913756
129681
701112
123603
2090814
123603
264910
1847192
123603
882118
2778984
1238800
725574
724197
123603
1047920
1767586
1762872
1680519
2849869
123603
744855
2900567
2947348
2059027
1474148
722484
2840826
123603
1116065
386904
123603
123603
2698464
2592226
1204263
1958810
123603
1227384
1185009
123603
2179129
123603
2049190
1080700
350812
123603
123603
1529800
2324987
182664
2334307
2509943
1040633
1833474
499528
123603
1843511
123603
2385850
1735284
123603
382622
123603
179921
113104
1438616
2234378
123603
123603
685732
2303598
2872498
2341698
123603
2199921
2965352
1656225
2872441
1885878
1635769
123603
2505986
54099
1704949
123603
1803274
898077
2832891
123603
123603
486179
1431622
113308
1661960
1261254
123603
123603
123603
123603
123603
2136855
123603
1633210
123603
1811633
276651
123603
1218924
123603
123603
123603
2489517
254607
2871478
2253046
239512
953758
2499522
1561898
1477069
2004637
123603
123603
123603
123603
831104
123603
2415368
2080131
2870352
123603
167614
802356
1728981
123603
1018474
1121531
203487
1754919
123603
123603
2707157
123603
1633309
1780243
123603
2825066
1795850
123603
2913005
313241
1736683
2816235
123603
1146443
153474
1856314
2195734
2278191
123603
672488
1083968
2460394
123603
123603
1035671
2174958
1271583
2101014
123603
209340
2566178
1370253
123603
496738
2367410
1540520
123603
123603
123603
1438231
123603
694769
1978492
2218983
799559
2754885
123603
418494
1334175
2204783
123603
1969651
123603
2496108
871587
317698
2468417
123603
123603
2069287
1324690
1264841
2769373
2309083
123603
123603
123603
1878063
123603
1170049
137050
123603
212194
257491
123603
289980
1662723
123603
468653
1296867
123603
123603
2844930
1344496
1972075
123603
2962018
123603
123603
123603
123603
1393601
2564730
123603
30153
2767912
123603
1660257
123603
1973728
2560301
583324
537929
160656
1446940
1405357
123603
123603
123603
1353293
818378
1724767
1841129
123603
123603
1855923
1450387
125601
123603
1954063
2900650
1938621
2740587
123603
123603
123603
1202505
240860
569555
52691
123603
357065
123603
123603
1907060
123603
123603
2180788
956021
1745024
981265
121350
123603
129198
1499548
123603
123603
2013428
123603
123603
123603
1576387
174345
123603
729282
834124
123603
123603
123603
380917
1614667
123603
2271326
1742531
998416
167875
977045
2564165
2829379
1551061
2184099
86464
1334316
123603
123603
123603
123603
2360094
123603
123603
123603
136158
2306809
2694475
618622
2490604
1065157
1147846
123603
123603
123603
123603
2218107
123603
123603
2070970
266777
123603
123603
327041
123603
1797466
1926817
123603
123603
123603
1267326
2884690
1665547
123603
930149
123603
123603
123603
123603
690319
123603
123603
1582281
304376
2227032
1897324
2757847
123603
2361058
2500461
821507
1439911
2335667
646719
2222969
2984299
2010517
123603
123603
1374055
123603
1381048
2639185
2672126
123603
123603
816937
123603
516433
1237684
1852813
566017
123603
2521965
123603
641051
2746417
123603
919721
1282022
1944886
123603
123603
2212390
2451697
1688550
38414
229798
123603
870376
1747386
2292422
2683773
123603
123603
123603
2987005
2902890
908945
2324051
2364991
123603
123603
123603
123603
2688518
828981
1028247
123603
1480889
1882471
1786820
118702
2100058
752188
123603
123603
123603
2349830
1105660
123603
123603
123603
1105605
274737
123603
123603
706160
123603
2641345
206304
123603
1176052
1398169
123603
123603
862831
762381
81799
1669198
123603
123603
1515915
2411463
123603
123603
1889107
2898266
123603
488311
2541735
885985
123603
143645
1164579
1866361
649109
2405588
1412925
2004382
123603
192001
356541
123603
485451
1996898
123603
695482
524154
123603
344808
123603
410242
123603
2324369
123603
123603
123603
1092194
520369
1067272
2351356
1408695
2579088
884934
488432
123603
1978071
123603
2807508
123603
123603
749023
1498994
736747
123603
123603
670360
123603
2747817
2073825
1431671
123603
123603
2056286
964684
779501
1762323
2973389
996381
2251181
123603
123603
123603
123603
123603
123603
1201628
123603
123603
123603
2026269
1770373
123603
1159329
123603
1544002
1215536
346891
220811
123603
2487468
276262
123603
2522167
123603
123603
1761453
2542267
123603
123603
123603
32685
123603
123603
123603
2928385
842359
811786
1526526
123603
497685
123603
1970336
2052335
1606566
586923
109667
123603
2574398
2910233
123603
123603
545435
499447
1374376
123603
123603
123603
467264
1759589
2153893
2039595
495189
123603
2689887
1014104
2424952
1115366
2231857
1056808
1186474
377194
123603
980255
45066
123603
123603
123603
1062700
1735415
2926662
985616
1667766
123603
17370
933589
123603
123603
2574787
2218565
2394016
2764440
1033432
123603
123603
123603
2813010
598066
1588985
416857
475037
632008
2476145
1972963
535279
2030572
123603
123603
326088
123603
123603
1080681
123603
2818031
1352150
123603
123603
1256094
123603
2625639
2063042
2808838
123603
123603
123603
2971116
561061
1367315
2119983
1269659
123603
123603
434799
499131
886159
1763009
70728
123603
2699678
123603
1772502
123603
123603
123603
364565
123603
373936
123603
123603
2510082
1746279
123603
353065
559553
592690
299238
2318654
1338752
1949399
123603
2277004
123603
123603
123603
123603
123603
40808
2762327
123603
2557888
666471
1381044
1056094
123603
463749
123603
2654983
256735
47858
100366
1195139
1985945
123603
123603
123603
2860403
123603
2943408
123603
123603
328193
795566
123603
2533523
123603
2123979
123603
123603
919092
2116835
123603
2438649
751090
1643890
123603
2790522
123603
123603
1479214
1304709
123603
1221265
253590
334268
123603
2182135
123603
1047217
123603
1491179
123603
123603
123603
2734654
671654
2851481
678553
185418
488374
2512837
123603
123603
1742580
143234
217017
123603
251109
123603
1622894
1139210
123603
2660105
2209552
628702
123603
413475
123603
123603
2038460
1860119
123603
123603
123603
2783487
123603
388951
1133749
2383978
1740326
1763196
956031
516059
1326770
2402504
123603
123603
2237691
1583111
1327170
2739829
551749
123603
123603
123603
2771965
584867
123603
2831622
851794
123603
853117
1081421
2519830
123603
2825347
123603
883023
123603
123603
1665878
123603
123603
2939038
123603
954724
123603
123603
123603
2565536
2936489
1117549
2086982
1558307
2757423
123603
1615252
1055377
123603
1546865
2001394
2054773
2434878
2321560
2691606
123603
1045489
123603
123603
45546
123603
1066387
930244
123603
1797652
1688648
2809036
123603
858662
123603
107935
717284
123603
123603
694461
1525369
1685930
123603
123603
123603
1663827
123603
733911
2698923
123603
430308
2592533
123603
123603
123603
123603
945183
123603
123603
2868927
2287472
461774
123603
2053534
2478476
2044434
223539
123603
2533360
2885367
123603
123603
1712831
123603
1257978
2273233
2916504
1943401
502611
123603
123603
123603
2911972
2890205
888322
2814721
123603
2393201
2507972
2754690
1909919
2377676
123603
2621267
123603
2505480
123603
123603
123603
402368
2180180
2739030
2133042
1899147
691410
1511163
2632534
1450801
123603
123603
1424384
1264135
2579054
123603
1854988
1472822
2541138
123603
123603
123603
2413406
2491893
123603
1308928
1608098
450942
219789
1010452
2540653
123603
383202
123603
123603
109783
422830
654587
529242
2385453
2750338
123603
511592
2170255
48935
1041181
123603
123603
123603
1240827
123603
123603
123603
771095
123603
36384
791680
123603
2271481
1433461
715052
1616904
1237838
123603
123603
2380117
123603
1084047
1405330
123603
123603
810101
2738578
2776328
123603
1650318
486741
1662763
1814232
123603
123603
341369
123603
123603
2515160
2416144
123603
1539300
123603
123603
1590192
123603
123603
123603
2137610
522900
1242697
1985743
123603
200025
2101031
1052136
123603
1063421
123603
267148
2087498
550217
123603
123603
2096347
605135
123603
123603
339529
123603
1516596
2032583
1006406
123603
123603
2747868
679479
1952509
123603
312854
2630235
123603
480731
123603
123603
1590404
123603
2352253
1116442
2796930
123603
1540922
123603
1338093
1963222
758459
963206
1609
123603
123603
123603
70371
2583828
1176191
1249461
123603
123603
123603
123603
123603
1557941
123603
2693553
2123083
123603
1060385
123603
1063170
123603
489282
123603
1493412
123603
2272728
1033810
123603
537127
1078433
123603
1064190
123603
2346677
2218225
1815669
1858535
2577713
1211914
1405760
123603
1530674
631861
123603
289528
472864
1546850
1415588
1640914
106065
1409652
123603
123603
123603
1456911
2519009
1079340
123603
821923
2033223
123603
1710220
123603
2370834
1854219
123603
1026556
1140062
752688
2871377
1930194
123603
401144
2424734
123603
1841507
123603
123603
936413
595416
123603
2958632
123603
278609
122508
123603
853560
2236472
123603
123603
189489
123603
1429728
123603
775855
593664
123603
404958
2434930
2381679
123603
2626272
2041816
1220753
123603
123603
130049
2439848
123603
663978
824224
123603
123603
2220509
2893729
231298
123603
123603
2494492
2191621
506545
898632
123603
1750567
123603
1845060
2151245
669312
255505
123603
123603
141301
123603
501574
2049498
1734127
2963994
2774279
1652361
916976
123603
1143159
123603
524470
2699615
387375
2451141
2639835
435220
123603
123603
2890010
123603
46599
123603
503381
2429840
2631353
2585648
228287
2481083
1160001
1633704
123603
2698208
1521060
2857969
329899
1397700
390926
123603
1118888
1986369
2947066
123603
123603
2766022
1053666
1825645
123603
2211862
123603
2469957
612164
75274
2750041
2956566
751837
123603
1631947
27137
123603
123603
123603
1257295
2183882
123603
123603
702681
123603
123603
123603
2138533
123603
123603
2061746
123603
123603
123603
780954
1600130
1153801
123603
2271294
123603
1597387
123603
2911956
965649
623933
2431044
837021
123603
741382
1653977
123603
1867059
1070839
968230
2874874
123603
123603
1111773
2565055
1061161
123603
123603
2927015
786027
123603
1964850
123603
847212
1755014
123603
1346464
1777757
123603
511967
123603
123603
771461
2293435
105370
123603
2245568
2168425
2399729
123603
2134771
123603
1820870
123603
123603
1804947
1766727
2800256
123603
123603
123603
1083298
123603
123603
1973298
123603
316382
123603
2918000
123603
123603
1656973
123603
1531289
77064
123603
2097683
1188152
123603
123603
334451
1786889
2929103
1173698
2984863
2810572
1546973
123603
1997669
123603
123603
2771693
563501
123603
2705881
674428
1097919
1216149
2572182
123603
1394613
1765820
2745153
408160
2419568
717953
123603
1231459
123603
123603
1522878
1666130
123603
86106
2811104
123603
850694
347182
123603
2114976
2306830
2254222
123603
1285154
294251
1451167
123603
123603
2120639
123603
123603
1420824
795414
123603
1114767
123603
449405
761164
123603
123603
2415036
1449817
1081342
334607
1120492
421778
1822513
123603
196835
1574408
45529
1188033
1438310
1518639
1275341
2743531
123603
1815985
1679550
123603
923241
2660058
56529
1659987
280110
1212882
822551
2707736
123603
1686252
2343503
123603
123603
123603
123603
2205932
2366942
1099938
923939
2121024
123603
1791155
2018792
123603
123603
2093796
123603
123603
1685997
2810518
123603
123603
123603
123603
342848
2760384
1951475
1422843
123603
123603
123603
2427613
296981
123603
123603
123603
2798577
2477933
123603
620085
123603
123603
123603
123603
123603
615801
882079
123603
598595
1681161
260089
2614023
123603
123603
123603
1957241
2546359
1368606
123603
971288
123603
4459
123603
123603
123603
123603
1336263
123603
1104050
123603
167712
553403
123603
123603
1462260
123603
2913585
2487064
509720
123603
123603
1937091
845607
1773208
1640476
1321173
1764040
2778444
306974
123603
101613
2420418
123603
66281
2070274
123603
123603
123603
2679479
956738
1450834
1933319
123603
663956
123603
1085669
123603
1337291
123603
1302742
14598
1139796
123603
123603
2520030
123603
991497
123603
1672739
1502390
2948073
2080620
1782709
44593
123603
978624
612308
552179
123603
1902316
1297712
993408
2072151
2162915
123603
348002
2611252
1874901
123603
123603
2330797
2134805
697549
1509435
123603
1917985
1456849
1736588
123603
123603
123603
504433
1560451
744150
418569
123603
2278310
123603
123603
123603
2600627
123603
123603
2837119
660559
669307
302269
123603
123603
1927157
123603
274005
123603
107302
123603
123603
2305113
16341
2898345
123603
123603
123603
504708
123603
2285164
303785
123603
1512926
803287
2450258
123603
1406002
2271441
123603
2191557
667319
2608689
123603
2633043
2438327
1946375
123603
123603
524151
1819583
1810308
123603
123603
516997
2522450
2136879
123603
2760210
13247
123603
123603
123603
1441399
1596972
123603
123603
123603
2549954
123603
826350
123603
123603
1463670
2976017
1726444
123603
123603
123603
833344
1483273
123603
2580733
1559698
279331
1371936
123603
1513440
2642619
123603
2597021
123603
123603
2077554
520666
123603
1629852
1158060
978911
123603
324484
123603
1340621
2705578
123603
123603
123603
715400
1243137
148762
501855
942725
123603
123603
123603
123603
234391
2093317
257144
123603
435241
123603
123603
1072157
2953992
123603
2340027
78823
398885
2694574
123603
585177
1080973
123603
1914198
1772890
1870974
2764280
2589753
123603
123603
704158
123603
123603
123603
123603
1959937
2334757
1911427
1114683
2740457
2607480
259034
2873609
1455761
1114119
123603
2754373
123603
127059
658104
123603
123603
1755153
123603
794571
1178880
1397526
123603
2426437
1061821
1613627
123603
2320926
123603
123603
1991263
1770488
123603
123603
1710902
472626
123603
109167
1683079
123603
2018987
363756
123603
123603
2081543
123603
123603
2741272
1099600
1193457
1692651
1779145
661527
123603
786554
814717
2568472
620310
674266
521037
1059852
123603
123603
878065
243608
123603
2693528
123603
130951
1198583
123603
123603
676299
2983816
123603
1447607
123603
123603
123603
123603
123603
589109
492615
2789825
2354136
2566091
123603
123603
1829367
123603
2248462
2231057
123603
123603
1342136
2248078
2312766
2502976
123603
1149564
123603
123603
688402
240029
123603
123603
1635342
447313
123603
2924422
1554297
2109769
2016587
123603
2789677
452489
123603
123603
2775932
123603
123603
123603
123603
686187
719542
2048744
123603
123603
755060
2040636
123603
123603
505105
58351
123603
1686417
2248892
2463131
998646
2547590
123603
1166784
123603
1814987
2892709
123603
123603
2579144
1605346
1727703
976807
123603
1108863
1075389
1123979
123603
2985590
2841821
1658631
123603
918012
69323
2871654
123603
123603
123603
1463354
930973
123603
1276810
123603
1718091
123603
123603
2581528
1165127
8649
2647065
2475874
123603
461721
1988943
123603
1915915
123603
123603
1959198
123603
2284996
123603
1401434
123603
123603
123603
123603
123603
123603
123603
123603
453306
123603
2659196
123603
123603
810963
123603
2040067
955040
2138194
123603
748105
2293464
2978083
1705678
2179287
758818
512143
2843184
123603
2689386
2771826
2534474
1158543
123603
123603
123603
123603
123603
123603
123603
2063404
2002095
123603
1053375
123603
848543
1520719
123603
1320710
1262714
123603
123603
123603
960365
85276
1866051
123603
2403917
117594
367140
1826796
1572078
2530952
252852
123603
2334040
2416249
2436050
123603
1794167
2872684
123603
748449
854256
1070721
1656306
2372229
2425094
123603
2368712
123603
123603
123603
123603
1825943
123603
2473041
596909
123603
123603
2258512
1167211
2835899
123603
1977870
640802
902465
979517
2652304
123603
123603
123603
1665374
123603
123603
123603
1771586
123603
2151004
123603
1497468
123603
2145548
1684960
123603
123603
2139352
123603
123603
123603
2336747
312087
123603
509240
608983
2094088
123603
532879
635612
123603
1709110
123603
123603
123603
123603
123603
2947989
2792513
120267
123603
123603
123603
856931
2534885
123603
123603
2507403
114010
123603
176795
2551001
123603
123603
2527746
2505496
223338
2101267
600565
2639573
1631930
123603
123603
2346005
123603
123603
1842916
123603
2611587
1283590
1513478
421881
123603
2178956
123603
123603
123603
123603
1056363
123603
123603
123603
879616
980872
123603
1740117
123603
384570
123603
123603
701147
883083
123603
2331361
2075069
257425
123603
123603
123603
1518925
123603
123603
972399
704121
1557912
123603
2058179
123603
1526896
123603
649230
2977539
2636011
2857942
1814314
123603
1737880
86276
607578
929599
639422
2006226
1759096
2260517
1788551
2234727
1753044
123603
1792547
123603
123603
123603
1035298
123603
1277596
416468
123603
2387292
123603
614327
910873
1648866
1412000
123603
2937419
1510958
1522560
2392395
542504
290153
123603
1190068
123603
681712
763403
2994618
123603
2658726
1302755
740847
123603
123603
140633
123603
1202819
123603
2606042
2550945
26859
123603
123603
2591351
1537082
1952381
1169014
123603
2023778
2076483
123603
1666299
133351
117622
1469001
123603
2176328
1940110
123603
123603
123603
1528564
925369
1990509
123603
2558667
123603
1204226
2289562
1371559
123603
1972306
123603
394238
2517483
1909929
123603
2892001
123603
1743415
596494
1962557
89408
211620
1996810
123603
2527591
123603
1292826
2455393
123603
123603
123603
595781
1510644
2253695
123603
123603
1696953
2193542
1660278
449654
2509399
123603
2771799
2252136
123603
70996
123603
2621173
919916
347304
123603
123603
2913505
123603
1203307
123603
426620
123603
123603
1259838
1076362
123603
863853
314829
123603
123603
123603
276745
123603
123603
1321948
123603
1195950
2605901
713371
2058893
2722753
123603
1901078
123603
123603
123603
123603
2653023
123603
2987330
123603
123603
1106322
810451
123603
123603
123603
123603
1310829
123603
123603
836877
2657345
2074830
123603
123603
123603
2105453
1707239
2633427
842044
2963881
123603
2439007
942082
1380685
1997326
1703868
123603
925250
1082989
2417091
2997868
2625811
1386725
123603
1340704
2963327
123603
931116
566806
1982790
123603
932884
412729
1050780
863346
787690
191091
123603
123603
123603
123603
123603
123603
123603
2356014
123603
1071495
1703530
2225410
365401
123603
123603
1105083
1662474
123603
123603
860934
724107
123603
2163261
123603
2055126
123603
123603
123603
22910
1197822
270692
701781
1129996
123603
1997475
123603
123603
123603
1781103
228347
1580922
2636817
2088430
1556229
123603
2409412
123603
123603
191289
535404
2019381
123603
123603
2968877
123603
123603
123603
924229
995145
2472169
123603
2802078
2536810
1508197
123603
674950
123603
2651776
2935675
123603
428595
2536781
123603
250658
123603
123603
123603
788744
123603
545431
1083129
123603
93986
123603
1933171
2751016
123603
2880511
123603
123603
2748016
206497
336180
598492
123603
1362491
376249
332149
123603
2470207
1646401
123603
123603
1267792
123603
1124935
1305724
2329996
2519095
123603
123603
123603
123603
123603
980909
123603
2159968
123603
1004204
123603
123603
2393241
1722185
123603
123603
123603
123603
297709
123603
123603
123603
123603
939460
123603
1386739
1517009
123603
1333103
1629365
2953755
1268633
123603
539485
123603
123603
2952476
791909
867262
123603
1272037
123603
816008
123603
123603
123603
123603
2389425
123603
1465643
123603
123603
123603
123603
123603
2646643
263509
123603
123603
123603
2369388
123603
123603
123603
1164719
625136
2121784
1481330
2750325
2233826
1603954
1070677
650518
2101123
123603
123603
110750
1332533
123603
692616
2129990
123603
1856685
362171
123603
123603
2485932
516493
628184
194264
819458
123603
1343294
1725499
596890
2680541
1302969
1734240
1657412
123603
123603
1073728
123603
912489
293776
123603
1404460
481901
817148
179914
1045806
1651960
2340594
123603
123603
123603
123603
265532
1117253
849242
123603
145745
2006928
123603
123603
159447
123603
123603
2658242
123603
123603
98572
1464024
464440
1963906
2288299
264949
123603
1439315
123603
2618678
123603
1864825
123603
2254728
39067
123603
2926135
123603
123603
123603
97423
123603
2855433
155705
430689
123603
123603
123603
123603
123603
2730493
2218251
1325270
1352951
2716905
458177
1239062
123603
2155125
559545
746431
123603
123603
123603
123603
2448964
821158
1230110
123603
1551923
123603
123603
725369
958242
2364338
637341
942980
123603
223787
253305
878226
269934
123603
2298356
1769425
993132
2990923
123603
123603
123603
123603
2494069
1382303
2262019
1507716
2093709
123603
2358331
145038
1911814
123603
123603
123603
389149
117976
270210
123603
123603
123603
492480
2826431
912481
1726803
492315
2540424
59564
123603
123603
1465575
123603
2562494
808296
2114206
833637
862679
123603
123603
1142431
355061
123603
123603
123603
123603
2254563
1183123
2742457
2671084
1076058
1612335
977227
123603
2199552
2598335
123603
2086264
310060
55829
970670
123603
1178620
1977302
282342
2606067
2507250
2141192
123603
2335532
2628768
1496069
2635221
123603
1426864
123603
123603
123603
123603
123603
123603
123603
123603
2618870
123603
1977579
123603
1538615
1190056
123603
123603
123603
123603
123603
573992
2726210
123603
183328
1539069
123603
123603
2593107
123603
123603
2172368
123603
2051011
123603
578736
307401
2789192
2217076
2288544
123603
2648663
123603
123603
1146940
2248097
123603
971302
123603
123603
431866
74277
1770186
123603
123603
1495920
1885267
2385700
123603
1340344
2074721
123603
123603
123603
2636766
2226237
123603
1273132
1379332
2885976
123603
123603
1759023
1637458
1271168
2463459
465499
123603
2185642
123603
123603
1905164
562861
123603
1115394
123603
1302012
888902
1158356
1399169
2436019
123603
123603
561438
951477
418014
123603
1461252
2788995
1960521
2415825
2347727
1330286
281392
2338340
1534619
2099388
2721741
871226
123603
329708
1772573
1784900
123603
123603
1099329
208301
123603
123603
2757656
1692447
2916394
1545633
140606
1206149
123603
123603
123603
123603
1336824
949536
108316
123603
512217
757266
241429
271121
123603
123603
2192474
653858
123603
1636150
2663496
774270
1339135
1739904
2912013
1425903
1124537
673981
123603
123603
1120306
123603
720279
123603
1718195
123603
2359744
2027451
74882
123603
563310
2591011
123603
2450872
1996320
769961
2427002
123603
2298329
2294627
1653797
1906280
123603
123603
613389
55530
1302597
123603
123603
2472832
123603
1464450
343708
123603
1090312
945156
123603
123603
416576
937740
2603583
320513
123603
123603
42347
2146271
123603
597927
1694657
123603
922275
1091823
1352602
123603
123603
123603
2802681
462238
66738
123603
234496
2159568
123603
2183833
1810728
2638934
123603
1309697
123603
1463773
1532082
703759
1801087
123603
123603
2318027
2543179
370315
1371737
1811251
1469255
123603
123603
1279773
331708
123603
123603
718768
123603
123603
123603
428524
123603
1531755
2079078
2183416
123603
2925732
2137198
2822251
1627286
123603
123603
1114924
896391
123603
134058
123603
123603
888123
123603
407359
123603
2573850
2714971
1576429
123603
1908729
1892485
123603
123603
1920292
2251275
1082700
735345
123603
1339991
1983200
2199027
825583
1584506
1846634
2705825
123603
123603
802403
123603
199921
2325171
703547
1850631
430483
123603
2146979
374129
2369835
1945820
123603
749502
173094
123603
145685
1541312
1085332
2190482
2643859
1283975
2327851
123603
1291590
123603
2700339
1342386
123603
2269331
123603
821050
123603
123603
123603
123603
1796151
261130
1950246
2008184
123603
267452
123603
1367203
1625246
1274317
642095
123603
1085180
123603
123603
1640033
123603
123603
1259265
1090876
123603
123603
2315637
123603
123603
2401471
123603
123603
1094104
123603
123603
61402
2431895
123603
2782696
123603
1999138
1612414
123603
704408
123603
123603
123603
123603
1729015
1869829
1919999
2040753
123603
546063
123603
844375
123603
86838
2903046
123603
2121525
123603
123603
123603
741511
329198
123603
123603
2570688
442820
2296402
911119
658885
2089833
123603
2534081
123603
123603
712627
1555902
2693051
2234115
123603
123603
321425
83721
1501758
1644415
123603
123603
1888086
2803993
123603
123603
123603
123603
123603
1110683
2391861
72396
1032700
123603
2952388
123603
18597
123603
2595426
1458413
1933605
1017406
822067
2097446
123603
2437979
2410067
120307
2450111
123603
1930532
1853540
1048058
123603
354695
123603
123603
123603
61446
2073004
254277
123603
478530
2302518
123603
2028647
1952065
2494572
123603
411295
2819014
2683240
468327
264733
123603
2727169
1012655
2889675
701871
123603
2355173
861698
123603
123603
2672355
679897
123603
123603
2778405
123603
123603
123603
123603
123603
1624242
123603
821074
2750835
590672
2452060
123603
123603
16164
517647
123603
849224
830731
123603
1321214
123603
123603
123603
2716058
123603
123603
123603
2338887
300514
2232714
123603
123603
466608
123603
123603
2473569
2959668
123603
123603
123603
2251562
123603
2555321
24001
123603
116409
848039
1048223
123603
2178655
691032
123603
123603
2133323
2888815
2054916
321302
123603
802615
2507471
123603
123603
667868
2527806
123603
2058587
123603
204117
2035763
123603
2107755
716519
2101566
302082
123603
697408
123603
2086361
1083379
127000
123603
123603
379247
830738
123603
123603
1388785
1256772
1019472
123603
123603
123603
123603
123603
2907907
610503
2956380
1772513
1250452
123603
1969605
123603
123603
606549
123603
1025460
1246842
123603
986936
123603
2848608
613317
123603
123603
123603
123603
123603
1614904
123603
1595772
123603
123603
646859
123603
972679
123603
123603
1840334
123603
123603
123603
2104826
837702
2069369
1684120
1309867
2562401
2155983
123603
347527
123603
123603
123603
2444384
123603
123603
2770117
1357760
2193955
1786598
123603
2408059
123603
2768227
123603
585978
123603
123603
2720427
1797486
1806714
1387408
229024
123603
934403
123603
123603
2107934
2782427
2180245
123603
123603
123603
11604
123603
161710
123603
1625872
1085838
2989911
1287732
123603
123603
2490051
1765824
123603
1579743
1286386
717505
128734
123603
123603
123603
1872372
2099931
123603
123603
123603
123603
2723475
610862
123603
2103085
1921671
1454075
564495
123603
123603
123603
123603
1892477
947877
2266016
2671708
673467
2054392
1371005
2543621
123603
123603
123603
123603
123603
710974
1335395
123603
2038550
2714231
1743278
1238740
123603
123603
123603
1778122
123603
1550398
1475386
1565962
123603
1599654
1480752
726957
1998722
123603
1431813
508587
123603
1515320
123603
1376873
123603
1210161
1266081
123603
123603
1830466
123603
2238644
130809
1580602
2989182
2372816
1143866
508781
1574586
2533375
2232351
123603
123603
123603
1346963
1270730
2030066
123603
91052
2253639
1426229
1292356
689913
912315
581755
260869
2879052
2590990
1247895
1951942
123603
123603
123603
1974512
1753637
501717
1001721
123603
123603
123603
123603
123603
1689742
123603
123603
123603
123603
150971
123603
123603
123603
884437
1264469
1106636
1579322
123603
2955393
123603
2016147
123603
2581424
1258920
135020
123603
1038621
2752064
123603
123603
214948
123603
967428
374658
1214518
2468939
1263940
20684
123603
111010
1762559
123603
123603
2245353
123603
2745648
123603
104034
269647
123603
544666
2107803
1637513
123603
123603
123603
123603
123603
123603
123603
2176760
123603
717334
1420315
2883314
123603
123603
1778543
123603
610535
123603
1763067
123603
123603
1103118
450520
429903
123603
1030479
123603
1207845
123603
2822279
468115
123603
1155634
123603
123603
123603
123603
123603
123603
2683720
157837
1898449
123603
1292488
1540680
123603
123603
288548
123603
123603
123603
2238267
629754
123603
123603
2151217
123603
897539
1074551
1424352
187317
123603
828149
1779728
123603
123603
123603
123603
829449
926991
1838651
1112958
2400167
123603
123603
2992252
1773949
726069
1796424
845260
123603
123603
123603
123603
123603
102670
1943251
123603
55381
2707878
123603
1985460
123603
1272306
123603
75497
2766387
658089
123603
1514618
1163060
230614
123603
1998686
2153408
885795
2118713
2909837
123603
1923995
2109123
123603
2770194
123603
123603
123603
123603
123603
2070010
2208147
60592
948587
12051
2729595
123603
1449542
123603
2840438
123603
432630
2637289
629146
123603
123603
123603
2713319
3044
2278251
123603
2388852
123603
224701
1351756
1418453
123603
123603
2944049
123603
123603
2412455
392295
123603
123603
123603
123603
2312632
123603
2746383
123603
123603
72207
1575354
2249138
2805140
123603
123603
154776
123603
123603
123603
2519827
2814639
2929663
123603
2237030
58605
2766369
2155400
567877
123603
2969408
123603
123603
61417
709110
847340
1541013
123603
123603
2279796
123603
123603
123603
349526
1153107
373339
123603
2981077
912595
123603
1574673
2621043
1005337
2043665
556094
2668547
1266755
724165
123603
123603
123603
123603
2436326
1255289
2560735
123603
123603
123603
123603
53191
2957898
288176
2232638
19358
123603
1478359
2503640
2001034
1097127
1127324
123603
2857222
123603
123603
2351593
123603
1749686
2602006
2189166
615314
123603
123603
335193
123603
2971703
123603
1087843
123603
1635918
2340818
412883
2763204
1267712
123603
570649
123603
1338639
123603
123603
123603
123603
459235
1046743
123603
123603
57303
70990
123603
123603
2959122
123603
242149
123603
47447
123603
1642493
724779
2444358
123603
123603
123603
123603
123603
123603
1704119
123603
123603
123603
123603
123603
123603
123603
423252
123603
654387
1878281
123603
123603
1682764
1009572
921077
1224777
1960426
123603
403084
2419110
1113911
796564
944621
123603
654371
1778412
1401771
2517886
123603
2341461
123603
504727
2078696
123603
123603
1390791
123603
123603
2533064
826729
123603
1620162
123603
123603
40080
