2995910
2995654
2995160
2988414
2986231
2984637
2982166
2981449
2979766
2979164
2978474
2975473
2973775
2972415
2972109
2966330
2961925
2960183
2960157
2952134
2946235
2944714
2943761
2941919
2938127
2931262
2930924
2930366
2928132
2921598
2917794
2915315
2912082
2909902
2908856
2907902
2905623
2896358
2896058
2895204
2893551
2889516
2885734
2881396
2880091
2878114
2876754
2871083
2868294
2867433
2860240
2858215
2856968
2856163
2855877
2854196
2853167
2852217
2847433
2845729
2838238
2829828
2828633
2828085
2825355
2823580
2823495
2822424
2816758
2812684
2806828
2800953
2800198
2798472
2793441
2789889
2784508
2784322
2782549
2774690
2769994
2764314
2762175
2762138
2761870
2759658
2756641
2752288
2751959
2749367
2745094
2743551
2739773
2734556
2732646
2731999
2730782
2727119
2725031
2724849
2723249
2722444
2722107
2718186
2700801
2700571
2698245
2696897
2690023
2688012
2686903
2684626
2681439
2680291
2678492
2678461
2677636
2675264
2671615
2671122
2670373
2650539
2650361
2650317
2648649
2644993
2644492
2644484
2637976
2636998
2628763
2628675
2622286
2621147
2615986
2614751
2612406
2608046
2606268
2600580
2600346
2599342
2597612
2595844
2592379
2590862
2584017
2581840
2578955
2574667
2572588
2572137
2568313
2564934
2562489
2561966
2559422
2552223
2548800
2548783
2547543
2547196
2541381
2537844
2530078
2524693
2518690
2518485
2514741
2514326
2513980
2512157
2511854
2510869
2505045
2501103
2500898
2500734
2499179
2498306
2495764
2494115
2493344
2491863
2488328
2486304
2485287
2483108
2481188
2480727
2480498
2480205
2479070
2468472
2462534
2456921
2453277
2452154
2450852
2447464
2446095
2443297
2439686
2439572
2437363
2428807
2428270
2426581
2426027
2418074
2416544
2415998
2406687
2405556
2403814
2401381
2401040
2393164
2390218
2385963
2382991
2369496
2367937
2367159
2366812
2363197
2361137
2358465
2356192
2354345
2353120
2352655
2349958
2349437
2341533
2340493
2329537
2329416
2322849
2321457
2318261
2315879
2314054
2307334
2307305
2306185
2305888
2302658
2299087
2299015
2297848
2297052
2296887
2288979
2286777
2284411
2280223
2274488
2270840
2270598
2266947
2265827
2264645
2256920
2252862
2251704
2250935
2250007
2246430
2245626
2237498
2236956
2233911
2223491
2221761
2219921
2217074
2215511
2210399
2209161
2202498
2201061
2196174
2194951
2193285
2193128
2191438
2185800
2184635
2181130
2179121
2177191
2174516
2174172
2168216
2166995
2159353
2155511
2152781
2151919
2150849
2150616
2149688
2148309
2142498
2141683
2140843
2139338
2133332
2130131
2127463
2116098
2114458
2110186
2109570
2104954
2102732
2101205
2094314
2078246
2076050
2075089
2072304
2057366
2055426
2051657
2051014
2048238
2047648
2047377
2041510
2038427
2026008
2025578
2022736
2021394
2018422
2014752
2014100
2013131
2010824
2010351
2000018
1996778
1988221
1979084
1979047
1974812
1969716
1968147
1965749
1962957
1952734
1950562
1949242
1947868
1941220
1932645
1929467
1925601
1925493
1922110
1916125
1908549
1902675
1902469
1898253
1888231
1885770
1885716
1885475
1877446
1872872
1871217
1870532
1869487
1864078
1861604
1859281
1858510
1853032
1847480
1842188
1839834
1838730
1835217
1834577
1827368
1826346
1823537
1822533
1819275
1812016
1810142
1809496
1806368
1806104
1803345
1802704
1802470
1801553
1798336
1791879
1791377
1776947
1776435
1774569
1769818
1766959
1758876
1757494
1757417
1754223
1753187
1748712
1743295
1738766
1737430
1728527
1726523
1726500
1725003
1721298
1714937
1709059
1707816
1707232
1705875
1704522
1703102
1702142
1702055
1701171
1700412
1698011
1695625
1693416
1691618
1689555
1687197
1686940
1682891
1682435
1676585
1674233
1668692
1666435
1666366
1665581
1665454
1664474
1663505
1662982
1661357
1660277
1657709
1654172
1649750
1648757
1648571
1647218
1643798
1642344
1641886
1631141
1622934
1618618
1616694
1612340
1611754
1596408
1593940
1587387
1582506
1582385
1581810
1579549
1578672
1577251
1574853
1569667
1566726
1560927
1550341
1548687
1546981
1546608
1530494
1528930
1528841
1526402
1525257
1523661
1522535
1522038
1520898
1514742
1514353
1512943
1512695
1510785
1507915
1507900
1505364
1505084
1503519
1501634
1499379
1495153
1488827
1488332
1486316
1486022
1483407
1481733
1480190
1479610
1479541
1479211
1473561
1473505
1472432
1464690
1463383
1459153
1457756
1449564
1447921
1447059
1446961
1446647
1436551
1432213
1420486
1420306
1417932
1416926
1415932
1412253
1408150
1405382
1405140
1404227
1393632
1390762
1390657
1389461
1387368
1377459
1376794
1375430
1372908
1371856
1371250
1368323
1361421
1359428
1354778
1352881
1352448
1347430
1344539
1343868
1342830
1335000
1332622
1328151
1328149
1316455
1313494
1308102
1307191
1305367
1297973
1296741
1295321
1292865
1292791
1292105
1291546
1290652
1288943
1275882
1274494
1267316
1266275
1263534
1262312
1260095
1259877
1250814
1249392
1242594
1241835
1241232
1240280
1239481
1233599
1230243
1229533
1223150
1223088
1222690
1219720
1217544
1214180
1211483
1210876
1209665
1201662
1193306
1192683
1183370
1182070
1179428
1167766
1165904
1160696
1159652
1155323
1154715
1153230
1151360
1148361
1146370
1143466
1136774
1135165
1133355
1130537
1127188
1126677
1124784
1123733
1122109
1120774
1115298
1109197
1104838
1103845
1099276
1097692
1094236
1093847
1089452
1087505
1086991
1080044
1079481
1075662
1075230
1074604
1074595
1072360
1069308
1065469
1061204
1058023
1050874
1047571
1042185
1029357
1027349
1022973
1018573
1014501
1012975
1012096
1011283
1002601
1002142
998450
990852
987131
982576
973016
970660
970574
969714
967972
966057
952321
951433
944222
943613
942037
941976
940135
938171
932440
927587
925205
922614
921730
915616
915534
915159
914359
914108
913130
913078
909011
905842
904658
902220
900016
891477
890360
889109
888638
888196
886959
886419
886299
880885
877531
877101
875920
875817
873841
872613
863246
862773
859504
859240
859215
854572
851675
850774
850510
850036
845486
843025
840653
839717
839149
838268
831606
828055
824367
820931
819265
815480
805755
799008
793166
787228
785616
784372
782679
778109
765366
760073
758979
758767
752422
750581
747980
741780
741266
738681
731139
716624
713583
711279
710603
707099
706622
705037
701312
699962
697207
692728
691594
691301
691210
686899
679078
678583
676077
673474
669962
659722
659621
657456
649256
648061
647446
642482
642248
641601
640003
634007
633233
630691
629611
626050
620599
620002
614630
604516
597954
591313
590840
581440
577561
568392
563087
560976
551889
549807
532479
532421
530853
528609
526302
517888
516198
512091
509676
507660
500184
496716
495234
487403
486457
485706
482777
482108
480764
480146
476841
471929
471396
465868
464504
461523
454521
453687
449143
448664
446087
445744
443102
439007
438690
433824
426644
421103
420705
416593
416480
415713
409195
408657
403535
401226
396363
383662
382172
376245
375932
374782
372253
371286
365968
360570
360357
359715
359037
358584
357857
357575
355963
351033
350797
348455
347349
344747
341252
340385
340361
333616
331418
327915
326474
324834
321676
321274
316093
315546
315297
314254
312794
311411
304022
296495
294862
292631
286340
282451
280129
279623
278019
274292
273024
268550
267766
261063
258254
257236
255787
255685
254151
254056
253065
249682
246733
243234
238619
237244
235266
234357
232564
229858
227653
226907
215800
209611
208630
207526
204779
204636
203909
202274
202033
184550
182311
182030
180403
180263
178685
175845
173247
167485
167274
159438
157240
152048
148738
144793
143415
139479
137654
136892
136262
131073
128714
124843
120088
119760
118811
117599
110724
104353
102670
102375
101850
101109
100704
100504
99093
98172
96711
95459
92328
86978
78443
77002
76377
70754
66941
63845
58300
56283
45289
43338
39012
38572
33696
33197
31295
28435
27010
22198
13033
10314
8234
3766
1793
