1955177
1955177
845070
1955177
1955177
2526354
1049692
2465713
232258
1053576
1603398
1955177
459572
1293375
579957
448207
2362178
899200
1559562
2036572
2084778
1955177
388373
1179845
1955177
913769
1955177
1955177
1955177
1955177
1955177
205280
1955177
1463385
1955177
1478356
2367776
1955177
1955177
176685
1326619
1955177
1232273
1955177
598051
551882
1415324
1955177
1955177
2697201
1955177
1955177
661717
1913443
1959392
1955177
1955177
2391345
2420345
1308106
2727754
1955177
1955177
2574126
1955177
2763983
2921275
1953035
2556998
1955177
1262140
201902
1610988
918912
2294605
1955177
1329881
2489770
1955177
1955177
855473
2566992
436933
1736087
1955177
1346288
830161
1768514
2925715
1936093
1955177
2519176
1955177
815611
1239094
818040
1955177
1297403
1955177
904064
1955177
1955177
481921
1995154
1955177
1955177
1955177
291842
1226098
1955177
2026037
1322739
1955177
1955177
1955177
1143626
1955177
1955177
1505913
1955177
336429
1955177
619425
1684793
1955177
1955177
2040264
1955177
109091
570447
1253475
1955177
1955177
1971992
1955177
1743580
594474
1955177
1955177
1955177
1955177
2700855
435055
1955177
354086
1955177
2785602
1955177
1192586
580272
463229
751411
2981354
1869919
2913014
1955177
368004
1964961
1955177
1955177
1955177
1086709
42969
330743
2712052
22253
1114121
1955177
1955177
1955177
1955177
1955177
1721019
1512895
1549473
622071
1955177
1955177
1569216
1517233
1955177
1955177
1955177
2188820
1955177
1176354
1955177
1955177
1444507
1187912
1955177
2530147
1370634
1515318
2189447
2191597
1849759
1955177
1955177
2106219
32580
2091194
2079619
1450377
887406
1955177
1955177
1698502
2184522
1004389
2810265
1955177
1955177
1955177
2308504
1955177
1955177
1906751
34397
2144144
1475228
910412
1955177
1955177
1955177
1409887
1955177
2574578
2415324
2708818
1436453
2830180
1955177
1955177
1955177
1955177
549257
2269580
1472088
2024673
2598651
1955177
657719
1955177
756825
1955177
2453135
1955177
1955177
1695116
1955177
810495
1366340
2378859
175329
1884692
1315309
1955177
2213471
1453418
1566087
775754
1082151
2617995
2338370
2972908
2887974
1307763
1023392
1955177
1650676
1955177
1318455
2098166
1955177
876621
1955177
1955177
1955177
2152915
1955177
1283042
677190
625045
1955177
434631
495532
670801
260237
1955177
1955177
2137668
1038812
243502
627972
873263
1317253
1955177
1567564
1125542
2108085
1019310
1955177
1955177
1955177
1079957
1607519
2196151
1388469
2476783
1955177
2281598
1111351
1955177
1636474
1955177
379683
1955177
1955177
1955177
2182204
1955177
290233
1955177
1654553
2385629
1430098
1289952
1179680
1661832
1955177
851962
2547216
1576396
1955177
710435
1955177
1955177
1955177
1955177
1908908
1955177
2340663
1955177
705884
1549354
1699997
1219778
2145808
312521
1955177
1955177
1955177
1892373
2432357
1429313
866698
1228849
2669508
1955177
2305954
1955177
1955177
1955177
1955177
1152583
1789972
2544859
1955177
1955177
1955177
434151
1955177
1955177
647779
1105438
1955177
1955177
612938
71107
2163595
1955177
1955177
1437285
1188998
1955177
2112175
414103
1955177
491906
1955177
1955177
763740
2229128
1955177
2115277
823727
1342482
1024165
2425754
2153287
1955177
785067
1955177
1955177
1955177
1627993
2816786
1316561
1955177
859823
2481403
1815994
374719
967325
1955177
2148773
1789353
1955177
2867556
397798
213830
1026356
2191264
1955177
2423525
2842065
1958137
2467417
513991
62308
1955177
1955177
1955177
395979
1955177
1955177
2135926
1955177
1160305
1955177
1955177
1346124
812125
422635
1955177
1820827
1981755
1955177
1955177
947743
1955177
1955177
1955177
1359519
1955177
1230605
1373054
1955177
1955177
1955177
777596
2160475
448658
1955177
1955177
1869832
2960540
1157886
1955177
1955177
1690291
2056914
105493
1317953
1103604
2919796
1612501
852651
1955177
1955177
1072490
1955177
2518994
857797
1955177
448444
1752030
413613
1955177
1955177
1955177
1955177
1955177
2367151
1955177
1955177
1955177
1955177
253468
2689431
1955177
2950210
2085172
1023862
2923691
1706063
1955177
2937431
1955177
569558
2461878
133986
1955177
1955177
1602824
1955177
2199936
908976
1955177
699032
740043
1423747
167421
1340121
1955177
1955177
78609
2820380
375467
2913671
903501
1442303
1261364
1955177
1955177
2963775
1976904
1034114
726022
1955177
1955177
1955177
1955177
1984317
1955177
1962436
1955177
1020687
895204
1399395
1955177
1955177
1955177
1515901
2334317
1955177
2059198
1279224
1955177
1616241
993131
237375
2487294
1955177
824400
2832754
804720
143959
1955177
23023
505634
1955177
1955177
824346
2022831
1955177
1355306
1842469
1009347
1022403
1306262
1955177
81611
810070
2572468
1955177
1955177
1955177
159233
1323091
1312050
1955177
1955177
1482340
1955177
1397025
1955177
1955177
256057
145
2993058
135910
1334233
1955177
2389890
2093085
2500000
1628332
751683
1955177
1955177
1955177
1955177
1040113
1443011
2904737
1955177
1955177
2324522
1955177
1955177
1955177
1955177
2754017
1955177
186096
1955177
941225
1955177
1955177
817171
1046016
1955177
393626
1578171
1955177
2599230
1955177
349251
1955177
458504
1955177
1955177
2369846
888500
1955177
171722
2737252
545822
1074183
2721194
2565735
1480274
1955177
1955177
2702834
1955177
886963
1955177
1595541
2734494
1133593
1907720
1955177
491768
1955177
2335603
1464822
102038
1955177
2526807
1955177
1955177
2021686
1164858
1955177
42768
1775388
1955177
1955177
616179
1955177
1955177
1955177
1955177
1955177
1955177
1955177
1760059
1312299
2207960
56880
1955177
1955177
1955177
2227291
2962586
1720667
2241976
1955177
385391
1955177
1955177
1251849
2747525
1955177
2767763
1520818
1955177
39517
1955177
1955177
1073597
948563
2879745
1955177
1955177
1955177
1955177
1712941
471106
1955177
1955177
2327347
1955177
2538316
1955177
1955177
2815214
1846612
1750477
2757771
2731205
1955177
1955177
1955177
2436278
1955177
1955177
581664
2414766
1955177
1576904
2549597
1955177
1955177
1955177
2287644
91741
1139734
1955177
1955177
1955177
1955177
1389895
2671136
8677
1985266
1955177
1955177
1955177
2780518
1710022
866702
1955177
1955177
719800
1955177
1955177
2300321
1955177
1312842
900988
1955177
1955177
1047334
867523
1955177
1058332
1955177
1390892
1467976
1955177
1955177
1955177
2874850
1256793
2193980
829409
2987687
1955177
1914528
940574
1432066
2855135
1616180
1955177
1183894
1955177
1955177
1955177
1955177
1955177
1955177
798565
1955177
151598
2128494
1955177
1955177
1077636
2873211
1579186
362284
1968077
1595896
1955177
1955177
1955177
1977741
963310
1955177
2347560
2704938
1716044
1721345
1955177
354407
1251216
150118
1813996
969230
1816404
2717811
1955177
1201191
1955177
1955177
1955177
2719314
1953448
1955177
451715
348829
1955177
1955177
183195
1635634
1955177
1955177
276107
2139697
1513839
1955177
2059513
1955177
1955177
1955177
44735
189246
1955177
232161
1840074
1955177
780737
2086208
1955177
2218235
1529065
1996884
709958
1955177
1955177
2395655
1955177
1484827
23345
1674802
2727626
1113301
240277
1955177
2354345
2653355
1490155
652
1179147
2062784
2120302
1852692
1955177
1352010
2403185
404094
1955177
592549
493207
1955177
2475185
1955177
789320
1955177
1966316
84608
1291683
516747
1955177
1410461
1681199
1955177
1846578
1090116
1955177
1907039
1955177
1955177
1155401
535571
1935248
826433
1555634
369642
2893420
1955177
699819
1955177
1955177
1955177
756641
1955177
624703
380912
1955177
1955177
1955177
1943849
2874303
1955177
1955177
1955177
1568418
1442554
2842333
1541312
2002111
2043329
248956
1955177
1492772
249250
164868
168269
569256
1161552
1955177
1955177
837506
734234
2543970
1955177
1955177
1955177
1955177
1543357
814301
2490521
1087752
1955177
1955177
1955177
1552139
1955177
1955177
331832
1955177
1762950
1576320
183736
1903999
2022107
1955177
1173856
2778347
1955177
163569
1955177
431418
2395556
1955177
1607093
2604318
2923787
698493
1955177
1125058
1955177
2405716
1955177
1212488
