10
720
1035
2342
2612
3308
3580
4408
4571
4667
5409
6320
6622
7277
7291
7468
7507
7593
7776
7851
7965
7971
9027
9030
9058
9338
9771
9782
10070
10102
10184
12021
12312
12493
12823
12982
13424
14489
14607
14714
15138
15349
15459
15803
16351
16526
16634
17442
17751
17866
17879
17927
17971
18162
18577
19625
20093
20263
20443
20565
21455
21539
21903
22067
22128
22214
22286
22340
22420
22656
23191
23347
23477
23937
24096
24115
24395
25065
25713
26297
26419
26442
26822
26901
26966
27059
27437
27755
28372
28571
28678
29203
29240
29902
29911
30089
30333
31060
31279
31656
31802
32182
32678
33028
33989
34122
34496
35270
35485
35487
35714
35827
37560
38029
38737
38826
38828
38857
39012
39335
39369
39853
40615
40617
41209
41266
41840
41923
42579
42684
42814
42950
43213
43607
43807
43843
43943
44124
44210
44242
44337
44588
44620
45526
45555
45628
46183
46539
47408
47610
48251
48324
48522
48732
48902
48942
49156
49801
49944
50164
50442
50553
50617
51065
51249
51298
51468
51604
51824
52018
52442
53121
53270
53716
53724
53819
53823
53896
54026
54413
54540
54850
54909
55273
55333
55569
55578
55706
55939
56097
56560
56707
56836
56931
57006
57689
58009
58140
59290
59679
59686
59720
59899
60036
60086
60742
60754
61347
61597
62021
62594
62611
63714
64041
64559
64976
64991
65076
65580
65739
65819
66547
66585
66972
67494
68565
68743
69102
69349
69487
69801
69849
71364
71665
72577
72774
73315
74068
74920
74948
75424
75968
76011
76388
76641
77081
77148
77397
77627
78082
78227
78440
78663
78922
79161
79561
79614
80295
80349
81358
81613
81696
82760
82820
83238
83385
83536
83751
83894
84094
84637
84983
85224
85241
85514
85680
85690
86072
86509
87013
87484
88089
88922
89108
89151
89284
89989
90043
90047
90114
90661
90954
90969
91372
92335
92468
92654
92871
92926
92972
93019
93580
93788
94074
94171
94264
95112
95326
95617
95671
96203
96762
97189
97471
98006
98141
98306
98443
98552
98865
99549
99597
99697
100273
100500
100630
100869
101094
101304
102353
102486
103464
103488
103682
104729
105847
106140
106829
107620
107689
107750
108005
108166
108343
108350
108760
108964
109066
109121
109157
109204
109523
109584
109729
110194
110787
110833
111257
112003
112491
112853
113585
113781
113868
114143
114215
114531
115371
115756
116239
117027
117267
119016
119219
119289
119314
119390
120051
120307
120619
120698
120977
121188
121191
121192
121263
121646
121907
122134
122181
122582
122686
122702
122950
123588
123610
123888
124055
124416
124496
124507
124724
124734
125803
125805
125828
126029
126186
126193
126480
126564
126869
126965
126999
127239
127242
127725
127804
127838
127885
128153
128255
128700
129077
129137
129583
129770
130222
130286
130533
130839
130867
130883
131757
131838
131839
131908
132101
133045
133263
133493
133503
134368
134668
135119
135137
135571
135713
136285
136725
137022
137243
137510
137569
137586
138192
138630
139332
139357
139982
139990
140326
140486
140658
140763
141096
141196
141210
141765
141808
142074
142213
142318
142985
143195
143418
143580
143619
143671
143883
144295
144342
144814
145257
146299
146510
146808
147527
147976
148100
149395
149626
149882
149913
150108
150157
150379
150560
151021
151137
151685
151927
151961
152112
152121
152125
152291
152370
152534
153466
153687
153842
154107
154119
154908
155351
155365
155408
155434
155596
155835
156450
156912
157082
157425
157580
157654
157924
158493
158848
160200
160201
160897
161016
161288
161333
161745
162275
162483
162623
162848
163119
163854
164261
164581
164939
165216
165257
165268
165322
165374
165381
165893
166179
166559
166667
166970
167096
168056
168098
168245
168523
168577
169052
169083
169140
169528
169529
169552
169577
169622
170109
170140
170188
170599
170664
170848
171006
171226
171328
171441
171727
171876
172291
172651
172942
173421
173720
174392
174405
174450
174649
174831
174917
175332
175442
175459
175514
175899
175944
176513
176560
176847
177192
177224
177264
177493
177712
177791
177976
178343
178508
178887
178967
179074
179159
179188
179224
179353
179798
180316
180663
180779
181050
181186
181355
181636
181753
181830
182364
182627
182891
182910
182915
183169
183408
183576
183609
183664
183682
184109
184296
184559
184780
184783
185397
185530
185661
185686
186135
186188
186292
186835
187068
187134
187663
187891
188076
188173
188706
188727
189440
190403
190697
190779
190790
191658
192161
192229
193143
193430
193802
193828
194184
194872
195145
195341
195473
195535
196172
196306
196911
197239
197419
197467
197947
198115
198244
198344
198442
198703
199104
199184
199584
199631
199768
200399
200690
202297
202575
203767
203919
204205
204980
205021
205878
207264
207355
207461
207546
208104
208283
209279
209515
209985
210041
210233
210430
210928
211331
212612
212725
213397
214121
214578
214653
214804
214966
216802
216875
217148
217870
218413
218830
218837
219122
219449
219739
220092
220172
220451
220572
220639
220958
220972
220974
221126
221241
221377
221483
221712
221813
222119
222962
223039
223095
223125
224377
225055
225185
225346
225684
225685
225745
225767
226190
226247
226861
226980
227163
227394
228119
228402
228680
228761
228992
229184
229277
229866
229947
230031
230476
230582
230838
231162
231418
231634
232017
232151
232220
232448
232517
232629
233599
233655
233856
234055
234301
234466
234672
235044
235295
235475
235566
235888
236046
236098
236339
236990
237180
237534
237545
237621
238022
238422
238505
238533
238543
238589
238688
239261
239805
240202
240907
241145
241213
241620
241983
243221
243627
243747
244599
245284
245293
245429
245569
245639
246015
246082
246098
246303
246781
247265
247585
248162
248467
248699
248725
248900
249077
249200
249411
250449
250475
251323
251359
251382
251396
251813
251980
252373
252562
252684
252927
253802
253996
254170
254512
255005
255272
255456
255458
256359
256474
257015
258209
258420
258541
258841
259089
259459
259895
259911
259915
260298
260347
260620
260833
261024
261424
261490
261868
262412
262440
262470
262711
263368
263467
263541
265777
266015
266292
266831
267109
267227
267242
267971
268029
268751
268891
268908
269192
269278
269583
269860
270522
270727
270836
271313
271607
271628
271832
272489
272571
273030
273522
273631
273766
274223
274576
274580
274626
275219
275778
275856
276052
276105
276209
276239
276561
276595
277093
277101
277201
277207
277626
278076
278748
278958
278985
279021
279359
279799
279908
280117
280805
281064
281349
281356
281362
282313
282851
283235
283384
284101
284276
284548
284598
285478
285934
286034
286348
287133
287142
287506
287530
288486
288554
289301
289924
291047
291615
291913
292179
292289
292467
292611
292806
293077
293092
293576
293640
295232
295335
295901
296657
297383
297585
297725
298048
298221
298271
298473
299386
299523
299529
300035
300078
300510
300560
300849
301144
301188
301227
301710
302037
302365
302571
302592
302920
303067
303468
304967
305164
305282
305341
305364
305506
305695
306376
306907
307018
307233
307514
307595
308100
308828
308841
309213
310050
310798
311017
311178
311277
311511
311607
311640
312400
312615
312658
312714
312862
312994
313010
313134
313662
313856
313968
314257
314545
314889
315638
315773
315960
316112
316371
316403
316410
316645
317327
317328
317393
317421
317667
317730
317888
318299
318335
318407
318581
318914
319031
319153
319395
319429
319562
319745
320242
320373
320437
320899
321080
321122
321367
321627
321744
321913
322111
322200
322403
322818
323108
323450
323509
323674
323814
324398
324508
324637
324886
325793
325891
325897
326410
326562
326841
327279
327331
327635
328962
329065
329706
330559
330836
331389
331631
332576
332904
333207
333345
333382
333438
333859
334031
334445
334816
334969
335664
335782
336040
336079
336483
336698
337065
337238
337462
337542
337691
338420
338605
338706
339090
339358
339367
339403
339424
339443
339595
339620
340415
340530
340550
340688
340766
340826
341339
341508
341734
342240
342493
342829
343432
343671
343783
344043
344264
345130
345246
345558
345726
345792
346137
346297
346621
346996
347209
347278
347459
348094
348273
348325
348760
349067
349267
349535
350398
350436
350463
350464
351140
351459
351645
351838
351958
352625
353202
353589
353643
354071
354187
354727
355356
355679
356464
356748
356797
356965
357510
357608
357698
357744
358156
358524
359088
359252
359439
359452
360235
360258
360644
360670
361117
361127
362202
362288
362925
363107
363251
363519
363595
363656
363742
363816
363919
363965
364063
364158
364191
364241
364411
364575
365346
365546
366194
366473
366857
367585
367605
367613
367848
367887
367951
368100
368379
368616
368719
368955
368975
369606
369659
370209
370289
370867
371075
371157
372207
372350
372761
372817
373655
373881
373995
374657
375034
375084
376407
377499
377595
377758
377889
378486
378500
379589
380068
380232
380767
380826
381386
382153
382396
382414
382537
382722
382833
382911
383128
383260
383296
383313
383376
383523
383743
384379
384639
384941
384962
385313
385466
385619
385717
385803
385997
386158
386623
386688
387079
387218
387337
387665
387935
388008
388041
388387
388438
388596
389102
389270
389278
389600
389662
390986
391541
391731
391788
392661
392666
392990
394123
394374
394447
394992
395442
395843
395875
395979
396311
396316
396382
397119
397504
398252
398483
398724
398866
399115
399429
399530
399543
400041
400441
400877
400904
401185
401261
401633
402254
403092
403148
403559
403635
403925
404032
404387
405028
405150
405408
405752
406462
407143
407303
407456
409250
409466
409467
409522
409951
409955
410163
410503
410704
410896
411524
411814
411878
412033
412937
413062
414098
414116
414228
414286
414340
414381
414402
414876
415768
416083
416099
416170
416729
417233
417321
417430
417670
417703
417763
418003
418557
418569
418793
419261
419443
419690
419813
420042
420136
420209
420305
420458
420827
420905
421088
421292
421307
421548
421666
421701
421942
422172
422487
422821
423160
424163
425222
427563
427625
428009
428036
428991
429416
429528
429785
429967
430200
430390
430648
431365
431574
431696
431717
432051
432551
432638
432956
433338
433387
433397
433546
433826
434294
434377
435148
435458
435820
436049
436332
437254
437275
437548
437915
438339
438811
438879
438934
439035
439286
439590
439902
440222
440778
441252
441268
441395
441436
441609
441829
441855
442104
442490
442741
442760
442776
444200
444466
445503
445799
446117
447428
447452
447880
448018
448431
448750
448760
449020
449052
449583
449607
449710
450203
450782
450946
451425
451680
451874
452206
452266
453156
453281
453536
453549
454223
454295
454309
455052
455372
455423
455722
456030
456039
456143
456353
457544
457578
458090
458254
458772
458888
459031
459934
460069
460142
460411
460565
461570
461622
461921
461994
462324
462411
462417
462825
463428
463803
464447
464905
465151
466037
466351
466844
467402
467526
467815
467850
469465
470161
470708
470765
470997
471135
471617
471627
472189
473526
474207
474413
474557
475394
475416
476523
476924
477160
478288
478424
478456
478732
478851
479189
479367
479497
480357
480386
480492
480568
480907
481285
481717
481752
481791
482067
482262
482617
482886
483235
483365
483521
484131
484501
485814
485909
486016
486102
486133
486155
486282
487000
487417
487441
487444
487607
488059
488176
488227
488495
488611
488642
489146
489284
489538
489552
489646
489656
489948
490152
490189
490415
491039
491465
491671
491794
492311
492987
492995
493801
493879
494170
494605
495456
495581
496036
496546
497014
497059
497366
497822
497897
498086
498346
498700
499208
499214
499227
499283
499342
499689
499695
499942
500214
500892
501182
501319
501839
501968
502193
502218
502247
502457
502465
503065
503682
504026
505147
505213
505228
506001
506025
506175
506870
507042
507366
507800
508156
508304
508615
508848
509240
509666
510221
511185
511296
511405
512568
513840
514139
514582
514930
515099
515661
516030
516855
517045
517121
517172
517332
517429
518242
518337
518564
519628
520487
520495
520839
520939
520989
521225
521763
521962
522191
522518
522689
523980
524009
524066
524530
524922
524970
525507
525947
525956
525968
526024
526252
526698
526720
527276
527544
527625
528420
528999
529452
529469
529879
530209
530838
531516
531655
531962
532283
532993
533248
533249
533349
533484
533726
534190
534295
534307
535449
535891
535985
536056
536191
536638
536832
537055
537720
538202
538753
538770
538835
538870
539146
540394
541259
541670
542147
543041
543462
543669
543687
544293
544399
544451
544468
544478
544645
544702
544833
545291
545709
546126
546453
546548
546683
547364
547606
547777
547978
548039
548392
548677
549227
549554
549578
549738
549857
550454
551611
552142
552477
552584
552893
552933
553141
553574
554053
554325
554331
554570
554713
554992
555203
555259
556008
556348
558112
558325
558669
559686
559853
560064
560194
560356
560440
560526
560996
561975
562054
562909
563160
563448
563622
563693
563728
564019
564306
564398
564687
565066
565959
566060
566241
566711
566937
567438
567497
567523
567603
567863
569230
569238
569298
569445
569664
570271
570356
570598
570761
570987
572744
572978
573429
573923
574170
574205
574748
575319
575567
575616
575661
575724
575865
576093
576097
576423
576965
577724
577979
578014
578270
578334
578592
578663
579002
579307
579322
580255
580738
580795
580934
580961
581115
581134
581442
581599
581634
581754
581942
582068
583165
583354
583655
583661
583926
584419
584512
585175
585193
585700
587082
587312
587983
588102
588226
588277
588404
588425
588561
588846
588856
588861
589074
589350
589646
589797
589875
589938
590272
590676
590725
590917
591135
591143
591507
592237
592299
592585
593114
593212
593372
593469
593517
593818
594102
594134
594702
595298
595494
595712
596027
596052
596281
596549
596656
596660
597088
598600
599175
599429
599523
599803
599826
600199
600260
600400
600483
600639
601506
601785
602003
602541
602861
602945
603099
603153
603285
603753
603885
604236
604728
604988
605033
605310
605779
605862
606663
606747
607162
607175
607709
607789
607970
608036
608432
608503
608517
608977
609857
609919
610092
610135
610142
610178
610216
610518
610591
611230
612319
613262
613617
613647
613866
614070
614198
614199
614316
614589
615043
615427
615428
615749
615976
616015
616897
617210
617213
617289
617395
617662
617712
617745
618101
618109
618145
618293
618591
618761
619656
619703
619878
620042
620088
620456
620464
620708
620822
620884
620933
620952
621058
621164
621696
621937
622034
622335
622498
622615
622886
622979
622982
623671
624067
624389
624615
624673
624903
625231
625330
625645
625690
626378
626382
626459
626739
627493
627513
627563
628296
628574
629012
630001
630058
630557
631242
631663
631669
631885
632029
632248
632659
632737
633628
633948
634002
634157
634200
634419
634808
635013
635151
635305
635468
635492
635609
636043
636218
636292
636335
636402
636489
636604
637166
639393
639828
640203
641519
641591
641900
642400
642993
643015
643077
643798
644441
644691
645581
645812
645874
645939
646168
646708
647475
647742
647754
647767
648102
648134
648139
648151
648159
648172
648469
648589
648640
648676
648828
648921
649017
649144
649284
649544
649853
649891
649987
650125
651178
651194
651275
651390
651794
651900
652100
652216
652232
653673
653878
653946
653984
654102
654126
654452
655674
656292
656468
656619
656776
657116
657190
657327
657387
657696
657740
658064
658103
658939
659688
659754
660316
660684
660885
660962
661100
661406
662006
662110
662136
662546
662556
663014
663104
663196
663255
663530
663708
663864
664480
664569
664853
664878
665160
665201
665217
665291
665293
665679
666318
666531
666701
667923
668516
669504
669755
669800
669979
670050
670220
670327
670382
670423
671238
672102
672423
672981
673229
673853
673950
674838
675308
675806
675863
676553
676767
677143
677318
677948
678688
678775
679144
679898
680240
680717
681258
681742
682084
682126
683489
683545
684050
684224
684481
684824
684864
684982
685096
685182
686248
686341
686396
686515
687302
689475
689570
689692
690032
690282
690486
690601
690867
691187
691500
691545
691610
691675
691879
691931
692091
692353
692552
692704
692941
694432
694631
694741
694907
695150
695212
695606
695607
696408
696693
696996
697677
697864
697909
698152
698406
698979
699444
699758
699762
700360
700413
700678
701407
701675
701751
701759
702697
702908
703446
704308
704612
704639
704646
704757
704776
704986
704988
705035
705526
705535
705577
705659
705681
705938
706069
706144
706313
706390
706536
706573
707284
707296
707336
707355
708661
708778
708958
708965
709108
709155
709227
709505
709998
710146
710744
710847
711015
711179
712387
713230
713244
713331
714229
714729
714779
714894
715099
715893
716157
716491
716525
716576
717318
718195
718400
718793
718921
719256
719276
719446
719606
719679
720215
720408
720803
721120
721366
721530
722273
722368
722579
722732
723238
723413
723714
724115
725414
725815
726000
726384
726790
726792
727038
727439
727462
727582
727739
728209
728393
728654
729324
729597
729652
729883
730107
730591
730952
730960
731062
731442
731801
732363
732744
732868
732885
732929
733182
733620
734266
734320
735150
735249
735510
735728
736451
736815
736986
736998
737341
737537
738228
738452
739103
739276
739360
740330
741114
741388
741554
742167
744515
744645
744863
745815
746231
746328
746519
746544
746743
746840
747550
748107
748364
748480
748573
749705
749709
749950
750246
750278
750532
750755
750848
751170
751653
753421
753934
754344
754405
754641
754855
754884
754921
754978
756280
757025
757067
757288
757467
757934
758088
758218
758223
758289
759256
759300
759526
760029
760035
760300
760392
760555
760764
760802
761195
761395
761548
761839
762264
762546
762666
762704
764191
764451
764596
765327
765346
765936
766069
766550
766568
767385
767490
767523
767546
767770
768232
768469
769069
769658
769700
769763
769832
770112
770436
770969
771809
772218
772439
772487
772538
772597
772685
772777
772899
773077
773099
773752
773794
774121
774433
774666
775217
775426
775440
775464
775665
775971
776330
776470
776621
776686
776984
777474
777623
777734
777933
778636
778874
778963
779212
779450
779771
779967
780505
780544
780637
780733
780942
781261
781534
781974
782097
782571
782689
782968
783208
783898
784072
784655
784837
784957
785054
785090
785148
785454
785596
786263
786618
786791
786853
786936
787272
788111
788313
788552
788612
788761
788848
789330
790780
790797
791054
792212
792627
792691
792726
792873
793914
794095
794245
794719
795038
795501
796244
796307
796467
797000
797352
797730
797763
797895
798109
798286
798346
798767
798822
799017
799233
799308
799705
799724
799829
799839
799870
799928
800773
800973
800985
801371
801680
801930
802414
802495
802546
802583
803018
803075
803309
803540
803941
804021
804684
804783
805057
805102
805275
805303
805945
805956
805973
806102
806212
806439
806521
806994
807015
807194
807339
807507
807867
808059
808315
808366
808830
808996
809750
810037
810500
810540
810828
810956
811255
811303
811870
812246
812383
812442
812870
812907
812955
812966
813243
813422
813451
814529
814886
814969
815468
815978
815991
816939
817854
818156
819584
819638
819803
820078
820351
820401
820405
820622
821161
821620
822867
823451
823965
824032
824062
824724
825547
825680
825943
826124
826129
826350
826452
826638
826869
827832
828149
828218
828311
828682
828921
829250
829497
829689
830041
830078
830307
831547
831752
832115
832431
832603
832974
833196
833227
833371
833838
833896
834372
834579
834703
835085
835188
835574
835701
835768
836010
836181
836401
837256
837271
837299
837332
837594
837670
837774
837989
838566
838635
838790
838875
839644
840011
840411
840888
841178
842123
842573
843712
843829
843906
844317
844457
844657
845583
846437
846877
847064
847293
847614
847826
848088
848451
848540
848648
848969
849169
849377
849843
849887
850177
850641
850652
850713
850828
850961
851147
851273
851695
851962
852291
852895
852971
853015
853063
853163
853231
853745
854425
854986
855526
855921
856918
857143
857570
857880
858344
858721
858737
859069
859149
859219
859280
859487
859670
860068
860700
861498
862282
862313
862437
862965
863431
863932
864960
865175
865289
865369
865445
865570
865876
865897
865923
865961
866652
866659
866675
867033
867415
867462
868230
868787
869898
870115
870322
870512
870747
871010
871682
871693
873129
873457
873657
873820
873954
874412
874688
874702
874953
875025
875266
875422
875757
876952
877481
877947
878092
878475
878498
878502
878897
879005
879079
879232
879489
879671
880049
880953
881248
881470
881832
882708
883383
883611
883700
883773
883867
884119
884942
885011
885091
885456
885965
886097
886165
886166
886539
886661
887133
888101
888168
888358
888614
888712
888731
889132
889154
889230
889509
889573
889682
889744
890734
891036
891239
891309
891310
891455
891457
892432
893115
893624
893898
894072
894552
894668
895139
895281
895328
895479
895536
895714
895983
896455
896481
896546
896574
897725
897912
899053
899380
899765
899791
900887
901041
901086
901152
901611
902668
902781
902837
903080
903523
903771
904113
904220
904521
905009
905308
905375
905905
907050
907086
907351
907620
907928
908163
908938
909131
909529
909724
910190
911077
911095
911161
911323
911387
911749
911836
911935
912238
912596
912737
912914
913097
913324
913574
913666
914039
914194
914357
914374
914596
914848
915144
915940
916670
916867
917058
917164
917395
917692
917927
918081
918195
918477
918698
918711
919059
919161
919254
919391
919711
919853
920138
920283
920343
920740
920877
921130
921365
921613
921735
922402
922455
922510
923874
923902
924343
924476
924484
924778
925070
925264
925478
926643
926796
926938
927010
927205
927325
927862
927998
929178
929253
929421
929437
929606
929994
930179
930252
930282
930547
930650
930905
930952
930998
931756
932622
932946
933027
933742
933872
934077
934926
935215
935341
935393
936408
936517
937656
937660
938312
939424
939657
940069
940735
941741
941746
942537
943014
943202
943871
944384
944552
945016
945488
945619
945678
946389
946524
946616
946698
947067
947323
948066
948120
948171
948359
948365
948725
948845
949450
949556
949684
949769
949806
949877
949901
950355
950840
951029
951226
951858
952874
953206
953240
953327
953453
953948
954556
954625
954696
954733
955061
955244
955286
956271
956443
957395
957856
957966
957973
958113
958491
958660
958757
959202
959445
959829
960830
960918
961028
961123
961285
961717
962005
962653
962915
963314
963567
964087
964221
964436
964598
964715
965112
965686
966041
966393
966621
966905
967098
967180
967414
967601
967678
968136
968221
968755
969088
969334
969466
969884
970058
970124
970134
970443
970713
970831
970872
971456
971765
971834
971854
972164
972422
972521
972571
972612
972788
972968
973082
973318
973508
973808
973859
974008
974528
974767
975285
975669
976013
976169
976377
976509
976571
977035
977258
977388
977558
977560
977992
978108
978112
978895
979105
979187
979223
979602
979946
979966
979987
980159
980938
981718
981736
981785
981918
981997
982451
982678
982702
982947
982967
983565
984064
984179
984558
984834
984867
984900
985708
986213
986453
986894
986927
987070
987424
987514
987589
987811
988408
989028
989158
989438
989707
990018
990092
990389
990421
990436
990514
991131
991330
991495
991714
991999
992098
992334
992480
992874
993012
993370
993428
993608
994302
994388
994482
994625
994700
995426
995622
995973
996743
996752
997303
997354
997447
997465
997656
998069
998478
998620
998827
999095
999236
999341
1000138
1000194
1000382
1000545
1001117
1001626
1001718
1001822
1002057
1002102
1002691
1002744
1003240
1003782
1004024
1004326
1004435
1004651
1004850
1005149
1005280
1005606
1005839
1005970
1006007
1007024
1007181
1007202
1007751
1008368
1008934
1009003
1009307
1009686
1009869
1010090
1010492
1010510
1010693
1011091
1011092
1011294
1011476
1011859
1012045
1012326
1012512
1012850
1013014
1013363
1013759
1013813
1014039
1014990
1015049
1015406
1015518
1016285
1016376
1016714
1016898
1016918
1016932
1017561
1018044
1018454
1018542
1018788
1018999
1019014
1019024
1019911
1020005
1020046
1020363
1020557
1020754
1020883
1021018
1021173
1021881
1022898
1022957
1023072
1023450
1023464
1023894
1024939
1025775
1025887
1025980
1026339
1026417
1026866
1027073
1027119
1027812
1028015
1028267
1028307
1028525
1029135
1029264
1029740
1030162
1030375
1030416
1030855
1030945
1031221
1031347
1031577
1031624
1031821
1031899
1031992
1032720
1032844
1033017
1033022
1033027
1033047
1033358
1033419
1033669
1033816
1034407
1034674
1034688
1035920
1036434
1036496
1036544
1037040
1037167
1037859
1037898
1038042
1038043
1038765
1039325
1039494
1039643
1039880
1040450
1040476
1040543
1041071
1041123
1041684
1042056
1042134
1042184
1042266
1042437
1042716
1042990
1043021
1043193
1043356
1043758
1044127
1044435
1044440
1044508
1045031
1045227
1045407
1045420
1045671
1045927
1045996
1046214
1046312
1046410
1046476
1046695
1047803
1047992
1048547
1049035
1049190
1049852
1050178
1050433
1050776
1051239
1051288
1051359
1051682
1051800
1052086
1052097
1052436
1052579
1052993
1053632
1053822
1053863
1055111
1055563
1055668
1056310
1056675
1056810
1057002
1057122
1057160
1057276
1057425
1057655
1057706
1058014
1059655
1059979
1060630
1060686
1060853
1060907
1062029
1062198
1062445
1062567
1062611
1062800
1062841
1063535
1063731
1064104
1064116
1064400
1064595
1064744
1065028
1065782
1065808
1065999
1066565
1066643
1066682
1067517
1068515
1069388
1069875
1069940
1070230
1071203
1071484
1071691
1072420
1073633
1074480
1074715
1074772
1075124
1075495
1075868
1076009
1076440
1076732
1077047
1077440
1078154
1079012
1079228
1079292
1079645
1080037
1080110
1080724
1081284
1081476
1081495
1081572
1081738
1081754
1081889
1081908
1082199
1082447
1082464
1082561
1083047
1084308
1084713
1084715
1085084
1085089
1085335
1085345
1085646
1086294
1086981
1087206
1087301
1087384
1087612
1087620
1087800
1088373
1088832
1088962
1089062
1089171
1089595
1090414
1091237
1091243
1091507
1091703
1091784
1092086
1092178
1092253
1092570
1092609
1092956
1093078
1093268
1093377
1094468
1094540
1094757
1095632
1095918
1097320
1097946
1098036
1098337
1098663
1098757
1099475
1099737
1099964
1100212
1100997
1101237
1102062
1102745
1102948
1103433
1103927
1104276
1104531
1104666
1104683
1104929
1105070
1105313
1105485
1105660
1106199
1106283
1106464
1106494
1106958
1107234
1107351
1107372
1107659
1108346
1108477
1108626
1109006
1109496
1109505
1109653
1110179
1110687
1110747
1110926
1111086
1111189
1111342
1112464
1112562
1112710
1112814
1112998
1113006
1113721
1114213
1114491
1114809
1115410
1115535
1115658
1117282
1117954
1118097
1118723
1119059
1119068
1119070
1119100
1119246
1119296
1119851
1119946
1120020
1120099
1120130
1120226
1120703
1120945
1121024
1121069
1121774
1122293
1122571
1123179
1123365
1123400
1123544
1123662
1124130
1124156
1124824
1124957
1125126
1126688
1127330
1127394
1127951
1128228
1128427
1128471
1128529
1129187
1129278
1129382
1129919
1130095
1130209
1130372
1130666
1131184
1131198
1131434
1131940
1132412
1132444
1132702
1132801
1132997
1133366
1133662
1133776
1134788
1134911
1134967
1135036
1135685
1135731
1135732
1136203
1136427
1137061
1137104
1137197
1137285
1137593
1138546
1139142
1139811
1139923
1140203
1140348
1140494
1140631
1140945
1141301
1141854
1141973
1142886
1143112
1143225
1144497
1145110
1145141
1145198
1145621
1145931
1146385
1146507
1147139
1147359
1147542
1147564
1147810
1147906
1147978
1148225
1148314
1148343
1148705
1148855
1149173
1149340
1149599
1149604
1150333
1151995
1152060
1152189
1152436
1152463
1154457
1155057
1155480
1156111
1156237
1156593
1156736
1156762
1157297
1158066
1158172
1158288
1158566
1159092
1159104
1159225
1159234
1159264
1159285
1159410
1159507
1160048
1161291
1161508
1161951
1162253
1162539
1163511
1163708
1163882
1164432
1164827
1165282
1165314
1165683
1165748
1165967
1166084
1166172
1166819
1166822
1166971
1167147
1167334
1167914
1168043
1168128
1168802
1168916
1169028
1169396
1170746
1170957
1170976
1171124
1171130
1171257
1171599
1171833
1171898
1171916
1172339
1172718
1172728
1172745
1173093
1173182
1173870
1173912
1174152
1174269
1174641
1175280
1175477
1176032
1176431
1176887
1177505
1177693
1177908
1178262
1178534
1179516
1179709
1180431
1180727
1180873
1180949
1181119
1181340
1181379
1183895
1184009
1184028
1184423
1184780
1184955
1185290
1185625
1186777
1187026
1187046
1187061
1187136
1187567
1187781
1187897
1187917
1188131
1188406
1189105
1189631
1190278
1190982
1191010
1191078
1191169
1191968
1192011
1192248
1192422
1192484
1192585
1192714
1193010
1193069
1193619
1193655
1194189
1195005
1195607
1195997
1196097
1196343
1196448
1196996
1197026
1197113
1197277
1197611
1197851
1198251
1198394
1198581
1198675
1198991
1199812
1199825
1199859
1200193
1200328
1200482
1200518
1200691
1200960
1202059
1202334
1202528
1203183
1203453
1203633
1203714
1203883
1204001
1204118
1204360
1204608
1204645
1204866
1205313
1205707
1205739
1206084
1206130
1206165
1206671
1207222
1207450
1207476
1208176
1208865
1209344
1209483
1209921
1210114
1210321
1210452
1210711
1210765
1210954
1211324
1211475
1211975
1211980
1212719
1213881
1214161
1215262
1215903
1216089
1216131
1216509
1216627
1216672
1216947
1217290
1218289
1218321
1218375
1218514
1218728
1219552
1220080
1220318
1220459
1220597
1220636
1221084
1221239
1221271
1221416
1222159
1222909
1222973
1223347
1223694
1223965
1224535
1225208
1225397
1225710
1225845
1226909
1226956
1227142
1227591
1227629
1227663
1227709
1227877
1228343
1228374
1229227
1229354
1229504
1229853
1229860
1230421
1230530
1230980
1231297
1231389
1231891
1232042
1232203
1233172
1233482
1233548
1234200
1235353
1235978
1236228
1236484
1236713
1237266
1237626
1237746
1237934
1238019
1238027
1238197
1238235
1238708
1238972
1239107
1240203
1240246
1241590
1241760
1241984
1242050
1242160
1242674
1243003
1243318
1243534
1243595
1243675
1243676
1243738
1243954
1243955
1244086
1244161
1244209
1244256
1244931
1244955
1245334
1245472
1245631
1245900
1246329
1247516
1247892
1248041
1248605
1248953
1249336
1249402
1249593
1249707
1249792
1249921
1250277
1250558
1250621
1250778
1250861
1251139
1251509
1251514
1251667
1251792
1251896
1252989
1253117
1253445
1253456
1253459
1253683
1253882
1253971
1254179
1254783
1255323
1255423
1255502
1255834
1255900
1256011
1256502
1257092
1257190
1257194
1257304
1257400
1257594
1257631
1257778
1258052
1258167
1258246
1258293
1258354
1258686
1259411
1259874
1260626
1260857
1261436
1262086
1263332
1263934
1264046
1264228
1264423
1264458
1264542
1264634
1264682
1264896
1265117
1265342
1265422
1265802
1267769
1267950
1268130
1268437
1268527
1269065
1269555
1269661
1269797
1270995
1271139
1271385
1271612
1271750
1272241
1272520
1272847
1273316
1273327
1273740
1274271
1274463
1274649
1275114
1275585
1276401
1276522
1276608
1277377
1277410
1277772
1277816
1278080
1278309
1278378
1278514
1278841
1278982
1279111
1279508
1279652
1280006
1280230
1281420
1281788
1281916
1281993
1282016
1282575
1283065
1283204
1283353
1283355
1283586
1285002
1285382
1285429
1285702
1285747
1286096
1286379
1286415
1286951
1287426
1287431
1287453
1287485
1287853
1287861
1287908
1288310
1288625
1288686
1289205
1289683
1291106
1291342
1291377
1291752
1292189
1292421
1293706
1293812
1294479
1294902
1295032
1295420
1296327
1296615
1297327
1297652
1299216
1299224
1299880
1300313
1300502
1302298
1302351
1302583
1302694
1302703
1302920
1303154
1303244
1303322
1303428
1303840
1303874
1303923
1304035
1304068
1304655
1304728
1304792
1304902
1305155
1305258
1305306
1307089
1307143
1307463
1307593
1308066
1308134
1308490
1308915
1309001
1309213
1309620
1309973
1310520
1311114
1311196
1311234
1311265
1311568
1312249
1312830
1313037
1313220
1313555
1313735
1315025
1315336
1315627
1315790
1315828
1315978
1316313
1316388
1316624
1316866
1317947
1317993
1318369
1318505
1319054
1319067
1320255
1320290
1320810
1320987
1321092
1322235
1322467
1323006
1324016
1324149
1324215
1324357
1324597
1325224
1325246
1325320
1325675
1326190
1327691
1327922
1328157
1328160
1328333
1328336
1328370
1328722
1329329
1329636
1330320
1330761
1331567
1331597
1331848
1331971
1332306
1332949
1333212
1333251
1333414
1333703
1334509
1334740
1336027
1336588
1336911
1337455
1337483
1337531
1337738
1338119
1338278
1338483
1338860
1338997
1339527
1339978
1340609
1341069
1341118
1341859
1341894
1342003
1342026
1342180
1342279
1342966
1343398
1343687
1344508
1344639
1344773
1345177
1345401
1346069
1346147
1346185
1346454
1346674
1347521
1348651
1348858
1349581
1349737
1350777
1351088
1351176
1351295
1352633
1352802
1352871
1352951
1354187
1354393
1354606
1355206
1355279
1355547
1355567
1355601
1355615
1356140
1356256
1357157
1357468
1357545
1358156
1358166
1358607
1359119
1359367
1359402
1360479
1360910
1361506
1361880
1362417
1362636
1362678
1362908
1362924
1363207
1363273
1363753
1364446
1365580
1365627
1365797
1365835
1366107
1366221
1366492
1366508
1366654
1366706
1367084
1367295
1367472
1367524
1367543
1367581
1367699
1367722
1367839
1368137
1368199
1368411
1368669
1368767
1368778
1368825
1369269
1369286
1369632
1369857
1369894
1370141
1370279
1370666
1370834
1371720
1372364
1372837
1372897
1372968
1373048
1373335
1373437
1373822
1374391
1374888
1374961
1375102
1375156
1375313
1375904
1377180
1377898
1378352
1378380
1378916
1379179
1379555
1379582
1379700
1380088
1380430
1381078
1381344
1381494
1381618
1381637
1381749
1382724
1382973
1383614
1384289
1384443
1384770
1384955
1385423
1385564
1386385
1386524
1387926
1388437
1388505
1389087
1389449
1389692
1389929
1391545
1392718
1392830
1392955
1393330
1393592
1393647
1394532
1394730
1394985
1395237
1395365
1395373
1395903
1396347
1396580
1396643
1396723
1396781
1396799
1396843
1397288
1397457
1397706
1397746
1397984
1398174
1398337
1398368
1398556
1398705
1399325
1399660
1399764
1400017
1401382
1401764
1402061
1402122
1402589
1402658
1402865
1403375
1403382
1403604
1403683
1403800
1404366
1404662
1404714
1404988
1405187
1405385
1405426
1407148
1407216
1407282
1407943
1408399
1409875
1409923
1410029
1410116
1410387
1410498
1411101
1411250
1411557
1412368
1413314
1414034
1414378
1414574
1416329
1416463
1417072
1417249
1417473
1418084
1418597
1418806
1419166
1419256
1419871
1420300
1421392
1421537
1421562
1421691
1421697
1421844
1421998
1422048
1422384
1422716
1423062
1423259
1423844
1424807
1424870
1425031
1425048
1425342
1425596
1425677
1426111
1426306
1426385
1426634
1427320
1427804
1428421
1428745
1429063
1429250
1429553
1429727
1429773
1430197
1430386
1430515
1431518
1431620
1431984
1432128
1432605
1432761
1433007
1433314
1433718
1433910
1433986
1434008
1434192
1434316
1434357
1434700
1434858
1434981
1435136
1435212
1435531
1435556
1435725
1435872
1436268
1436290
1437094
1437173
1437728
1438178
1438486
1438636
1438657
1438704
1439612
1439746
1439993
1440131
1440151
1440641
1440751
1441184
1442084
1443259
1443906
1444178
1444211
1445215
1445271
1445351
1445736
1446117
1446186
1446242
1446683
1446840
1447042
1447155
1447737
1447789
1448008
1448275
1448854
1448896
1448987
1449121
1449209
1449750
1450196
1450356
1450658
1451278
1451353
1451532
1451680
1452278
1452685
1453071
1453868
1454325
1454474
1454921
1455442
1455879
1456199
1456567
1456694
1457111
1457199
1457225
1457408
1457467
1457943
1457963
1458032
1458546
1458723
1459589
1460471
1460639
1460701
1460724
1460912
1461494
1461875
1462196
1462478
1462561
1462644
1462670
1462705
1463164
1463185
1463712
1464326
1464550
1464989
1465327
1465495
1465670
1466647
1466821
1467767
1467963
1468184
1468239
1468648
1469088
1469890
1469918
1469960
1470634
1470813
1470883
1471078
1471106
1471291
1471355
1471599
1471606
1472028
1472096
1472197
1472344
1472509
1472776
1472890
1473300
1473847
1474096
1474564
1474839
1474851
1474946
1475648
1475673
1476371
1476614
1476836
1477098
1477115
1477130
1477990
1478041
1479423
1479639
1480039
1480236
1480522
1480804
1481122
1481331
1481617
1481671
1481729
1481820
1482773
1483058
1483266
1483773
1484462
1484687
1485491
1486178
1486229
1486248
1486320
1486323
1486552
1486933
1487000
1487556
1487586
1487668
1488712
1488911
1489053
1489190
1489196
1489353
1489500
1489543
1489604
1489799
1490384
1490647
1490766
1490901
1491084
1491331
1491750
1492096
1492295
1492470
1493308
1493437
1493564
1494022
1494235
1495325
1495558
1496335
1497072
1497428
1497889
1498094
1498766
1498945
1499582
1499619
1499781
1499840
1499936
1500017
1500098
1500262
1500430
1500463
1500657
1501177
1501377
1501999
1502094
1502225
1503578
1503929
1504301
1504607
1504747
1504757
1504898
1504913
1505324
1505380
1505585
1505598
1505646
1505658
1505668
1506028
1506076
1506919
1506920
1507009
1507933
1507963
1508163
1508693
1509100
1509322
1509446
1510147
1510608
1511297
1511505
1511528
1512022
1512450
1512478
1513106
1513709
1513736
1513837
1514279
1514354
1514382
1514408
1514521
1515382
1515391
1515489
1515545
1516119
1516473
1516529
1516568
1516754
1516786
1517433
1519415
1520222
1520370
1520817
1521177
1521286
1521487
1521657
1521846
1522362
1523307
1523387
1523462
1523589
1523992
1524129
1524168
1524202
1524354
1524631
1524745
1525047
1525133
1525210
1525598
1525612
1525726
1527146
1527280
1527908
1528117
1528373
1529181
1529314
1530259
1531065
1531618
1531625
1531739
1531777
1531815
1532136
1532594
1532642
1532995
1533627
1533735
1533933
1533954
1534193
1534464
1535123
1535133
1535620
1535819
1536170
1536339
1536742
1536964
1536995
1536998
1537001
1537148
1537475
1537774
1538493
1539531
1539559
1540210
1540430
1540871
1541076
1543026
1543513
1543866
1544057
1544506
1545010
1545344
1545907
1546277
1546363
1546532
1546776
1547004
1547145
1547351
1547971
1548176
1548663
1548719
1548762
1548917
1548921
1549107
1550095
1550616
1550655
1550724
1551154
1551464
1551790
1551981
1552080
1552775
1552787
1553519
1553940
1554060
1554210
1554215
1554719
1554822
1554968
1555815
1555908
1555958
1556576
1557258
1557292
1557547
1558177
1558471
1558617
1558653
1558831
1558875
1559133
1559645
1561132
1561206
1561455
1561621
1562172
1562383
1562795
1563077
1563591
1563734
1564174
1564561
1565211
1565405
1565578
1565648
1565754
1566043
1566719
1566777
1566867
1567182
1567520
1567754
1567920
1568397
1568795
1568980
1569055
1569775
1569843
1569863
1570547
1570585
1570924
1571056
1571416
1571753
1572013
1572036
1572358
1572505
1572798
1573204
1573719
1573797
1573863
1573880
1573923
1573930
1574243
1575213
1575248
1575338
1575359
1575729
1575839
1575878
1575985
1576635
1576657
1577205
1577987
1578160
1578167
1578246
1578411
1578460
1578479
1578982
1579066
1579163
1579225
1579252
1580020
1580128
1580873
1581377
1581498
1581723
1583355
1583931
1584506
1584622
1584865
1585273
1585498
1585912
1586705
1586744
1586815
1586910
1587721
1587863
1588371
1588399
1589208
1589644
1589917
1590285
1590288
1590736
1590932
1591393
1591497
1591818
1591832
1592269
1592369
1592402
1592856
1592986
1593401
1593980
1593994
1594001
1594389
1594418
1594508
1594833
1594849
1594956
1594959
1595017
1595021
1595087
1595587
1596843
1596907
1597368
1597480
1598264
1598838
1599245
1599499
1599961
1600590
1600866
1601382
1601920
1602066
1602122
1602354
1602382
1602631
1603242
1603449
1603501
1604306
1604441
1604753
1604889
1605059
1605081
1605122
1605473
1605477
1605631
1606860
1606990
1607313
1607760
1607866
1607947
1608034
1608861
1608903
1609032
1609392
1609532
1609850
1610036
1610210
1610381
1610497
1610511
1610665
1611163
1611369
1611912
1612076
1612307
1612331
1612580
1612905
1613439
1613823
1613931
1614153
1614198
1614357
1614575
1614675
1614887
1614889
1615187
1615878
1616253
1616444
1616551
1616720
1616928
1617512
1618221
1618313
1618631
1619342
1620487
1621014
1621229
1621698
1621713
1622344
1622682
1623221
1623282
1623722
1623815
1624834
1624890
1625148
1626037
1626756
1627063
1627708
1627763
1627821
1627976
1628087
1628256
1628470
1628517
1628838
1629074
1629295
1629802
1630661
1631195
1631484
1632242
1632339
1632647
1633011
1633152
1633206
1633597
1633709
1633863
1634057
1634273
1634622
1634623
1634868
1635068
1635109
1635495
1635649
1636059
1636096
1636634
1636890
1637382
1637879
1638536
1638700
1639282
1639284
1639369
1639614
1640109
1640442
1640673
1640900
1641168
1641527
1641581
1641741
1641940
1642223
1642384
1642837
1642962
1643160
1643388
1644311
1644354
1644556
1644607
1644794
1645381
1645893
1645912
1646050
1646444
1647524
1648002
1648175
1648186
1648785
1649219
1649325
1649569
1649613
1649713
1650638
1651322
1651716
1652503
1652752
1653041
1653275
1653286
1653308
1653611
1653729
1654591
1654785
1654926
1654961
1655012
1655413
1655423
1655433
1655561
1655681
1655988
1655995
1657451
1657552
1657883
1658367
1658448
1658874
1658913
1659109
1659783
1660577
1660721
1660781
1660832
1660894
1660930
1661215
1661322
1661531
1662045
1662084
1662184
1662207
1662523
1662524
1663029
1663069
1663121
1663314
1663500
1663530
1663742
1664438
1664935
1665041
1665084
1665845
1666044
1666660
1666938
1667153
1667979
1668439
1668869
1668877
1669013
1669168
1669616
1669623
1669859
1669892
1669904
1670560
1671768
1671852
1672050
1672461
1672845
1673283
1673294
1673358
1673573
1673645
1673658
1673772
1673871
1674070
1674227
1674280
1674804
1674885
1675030
1675091
1675346
1675400
1675673
1676401
1676680
1676762
1677029
1677928
1677971
1678154
1679149
1679757
1679854
1679927
1680213
1680717
1680872
1681031
1681057
1681122
1681161
1681323
1681528
1681700
1682841
1683033
1683513
1683814
1683958
1684161
1684558
1684569
1685065
1685070
1685086
1685180
1685385
1685726
1686224
1686527
1686576
1686936
1687416
1687758
1688142
1688733
1688873
1688943
1689750
1689751
1689827
1689964
1690328
1690554
1690620
1690918
1690988
1691021
1691107
1692068
1692766
1692856
1692995
1693005
1693080
1693200
1693905
1694344
1694446
1695067
1695087
1695638
1696283
1696332
1696496
1696538
1696581
1696722
1696740
1698294
1698468
1698759
1698767
1699109
1699234
1699322
1699613
1699769
1699770
1699955
1700087
1700230
1700580
1700715
1700753
1701232
1701407
1701619
1702097
1702740
1704213
1704759
1704947
1705747
1705798
1706625
1706799
1706958
1706978
1706996
1707132
1707201
1707601
1708230
1709145
1709779
1710470
1710602
1710794
1710819
1711130
1711234
1712149
1712275
1713416
1713901
1714249
1715212
1715712
1716564
1716572
1717025
1717361
1717512
1717863
1718556
1718567
1718613
1718724
1718989
1719294
1719353
1719454
1719508
1720592
1721121
1721619
1722262
1723384
1723385
1723590
1723598
1723865
1724124
1724528
1724651
1724745
1724850
1724861
1724879
1724909
1725531
1726094
1726579
1727096
1727162
1727282
1728994
1729003
1729271
1729669
1730249
1730582
1731206
1731420
1731738
1732571
1732917
1734157
1734170
1734512
1734645
1734771
1734878
1734941
1734967
1735061
1735321
1736300
1736995
1737154
1737789
1737991
1738954
1739216
1739681
1740050
1741407
1741480
1741618
1742390
1742484
1742570
1742739
1743124
1743399
1743845
1744240
1744863
1745165
1745229
1745879
1745913
1746307
1746586
1746992
1747223
1747298
1748237
1748590
1749532
1749699
1749916
1750514
1750708
1750977
1751664
1751727
1752177
1752188
1752252
1752563
1752952
1753078
1753585
1754471
1754574
1755340
1755533
1756308
1756318
1756367
1756718
1756917
1756985
1757331
1757631
1757945
1758568
1759308
1759968
1760150
1760221
1760252
1760476
1760567
1761015
1761070
1761207
1761386
1761537
1761759
1761852
1762242
1762536
1762560
1762721
1762853
1763047
1763203
1763328
1763805
1764190
1765662
1766070
1766227
1767050
1767235
1767273
1767523
1767539
1768072
1768572
1768794
1768862
1768956
1769558
1769603
1769616
1769921
1770275
1770730
1770761
1771251
1771539
1771964
1772268
1772718
1772792
1772928
1773164
1773679
1773852
1774165
1774323
1774376
1774535
1774730
1774957
1775132
1776256
1776354
1776429
1776561
1776647
1776835
1777383
1778032
1778313
1780467
1780590
1781113
1781431
1781667
1781732
1781970
1782525
1783180
1783218
1783269
1783316
1783523
1783696
1784218
1784656
1784681
1784714
1785080
1785087
1785099
1785258
1785355
1785582
1786065
1786292
1786350
1786748
1787037
1787341
1787851
1787979
1788237
1788472
1788640
1788649
1788932
1789215
1789388
1789485
1789610
1789667
1790029
1790529
1790623
1790632
1790982
1791240
1791293
1791630
1791932
1791935
1793438
1793567
1793605
1793742
1793803
1793990
1794156
1794667
1794787
1794789
1795476
1796945
1797083
1797630
1797756
1797854
1797860
1798024
1798667
1799566
1799597
1799762
1799945
1800005
1800962
1801887
1802281
1802516
1802757
1803047
1803219
1803676
1803726
1804197
1804778
1804884
1805073
1805335
1805706
1805764
1806091
1806159
1806832
1807354
1807423
1807636
1808268
1808420
1808836
1808910
1809261
1809402
1809727
1809915
1810365
1810570
1810750
1810898
1811014
1811217
1811296
1811384
1811627
1811864
1812099
1812604
1813222
1813605
1814107
1815160
1815295
1815714
1816146
1816474
1816583
1816734
1817014
1817042
1817088
1817092
1817413
1817955
1818398
1818497
1818611
1818647
1818986
1819168
1819351
1819899
1820801
1820829
1821399
1821717
1821992
1822320
1822809
1822902
1823537
1823671
1824120
1824517
1824536
1824719
1825180
1825375
1826009
1826011
1826198
1826236
1826587
1827009
1827075
1827346
1827377
1827383
1827724
1828110
1828387
1828645
1828672
1828805
1829470
1830610
1830717
1830867
1831060
1831263
1831417
1831840
1831928
1832370
1832399
1832853
1832920
1833087
1833247
1833488
1833679
1833719
1833844
1834269
1834847
1834856
1835540
1836183
1836801
1837008
1837718
1837763
1838067
1838407
1839367
1839993
1840217
1840367
1840908
1842410
1842679
1842685
1842698
1843239
1843612
1843709
1844713
1845243
1845457
1845981
1845993
1846444
1846909
1846928
1846988
1847775
1848904
1848992
1849072
1849750
1849882
1850001
1850005
1850121
1850375
1850595
1850618
1850808
1851027
1851095
1851311
1851571
1851773
1851852
1853071
1853076
1853968
1854230
1854268
1854394
1854434
1854456
1854725
1854758
1854814
1855232
1855707
1855725
1855837
1856323
1856946
1857241
1857388
1857807
1858598
1858634
1858712
1858741
1858744
1859132
1859256
1859639
1860341
1860408
1860757
1861070
1861816
1861988
1863242
1863298
1863532
1864815
1864837
1865061
1865942
1866004
1866478
1866582
1866720
1866952
1867177
1867329
1867587
1867619
1867840
1868198
1868272
1868836
1869097
1869451
1870061
1871496
1871586
1872138
1872957
1873024
1873089
1873298
1873405
1874258
1875026
1875105
1875190
1875393
1875807
1875862
1875962
1876825
1877530
1877812
1877939
1878111
1878521
1878822
1878967
1879175
1879288
1879795
1880123
1880277
1880452
1881138
1881262
1881452
1882203
1882225
1882879
1882891
1883195
1883323
1883407
1883447
1883587
1883660
1883716
1883822
1883863
1884400
1884562
1884644
1884974
1885161
1885275
1885377
1886149
1886331
1886592
1886986
1887805
1888002
1888170
1888754
1889107
1889159
1889161
1889213
1889392
1889425
1889457
1889960
1890019
1890267
1890390
1890847
1890874
1891099
1891165
1891303
1891625
1892308
1892348
1892543
1893062
1893471
1893839
1894151
1894798
1895006
1895080
1895959
1895980
1896023
1896170
1897090
1897321
1898619
1899052
1899237
1899262
1899995
1900114
1900118
1900180
1900747
1900776
1900868
1900930
1901635
1902052
1902322
1902391
1903032
1903293
1903622
1903740
1903788
1904896
1905697
1905794
1905892
1906338
1906458
1906666
1906668
1906711
1906721
1906842
1907387
1907390
1907950
1908451
1909203
1909325
1909383
1909417
1909650
1910589
1910659
1911998
1913302
1914736
1914781
1915058
1915091
1916087
1916246
1916448
1916916
1916997
1917041
1917213
1917292
1917567
1917969
1918597
1918783
1919535
1919571
1919726
1919748
1920030
1920317
1920433
1920653
1921059
1921149
1921172
1921309
1921443
1921547
1921856
1922133
1922295
1922421
1922928
1922930
1923564
1923920
1924509
1925041
1925076
1925084
1925287
1925536
1925908
1925921
1925942
1926297
1927635
1927738
1927831
1928339
1928514
1929041
1929423
1929635
1929695
1929795
1929912
1930822
1931010
1932278
1932503
1932632
1933380
1933500
1933646
1933821
1934007
1935177
1935454
1935518
1935560
1937261
1937748
1937794
1937875
1937922
1938012
1938205
1938452
1938710
1939477
1939892
1939947
1940091
1940517
1940895
1941179
1941182
1942415
1942452
1942507
1942763
1942986
1943541
1944014
1944272
1944311
1944496
1944581
1944798
1944817
1944991
1945261
1945613
1946173
1946873
1946976
1947040
1947104
1947291
1947859
1948280
1948356
1948558
1948933
1949042
1949987
1950131
1950348
1950581
1950808
1951189
1952036
1952831
1953437
1954885
1955171
1955381
1955564
1955679
1955904
1956098
1956250
1956806
1957120
1957259
1957682
1957719
1957773
1958381
1958483
1958802
1958977
1959095
1959722
1960323
1960408
1960436
1960574
1961077
1961181
1961233
1961695
1961861
1962136
1962138
1962234
1962264
1962520
1962530
1963110
1963154
1963463
1963741
1964135
1964725
1964874
1964959
1965097
1965621
1966243
1966630
1966905
1967014
1967690
1967788
1968416
1969769
1969873
1970071
1970186
1970349
1970598
1970887
1971811
1971956
1972352
1972512
1972777
1972798
1973301
1973364
1973584
1974104
1974344
1974501
1974974
1976026
1976091
1976101
1976300
1976939
1977145
1978370
1978726
1979055
1979214
1979529
1979791
1980611
1980671
1980767
1981120
1981689
1981802
1981928
1981978
1982710
1983390
1983659
1983731
1984075
1984318
1985048
1985274
1985549
1985877
1986000
1986030
1986292
1986342
1986515
1986702
1986986
1987123
1987358
1987803
1987989
1988036
1988163
1988462
1988919
1989015
1989823
1990186
1991761
1991957
1992044
1992729
1992948
1993144
1993249
1993541
1993791
1993797
1993867
1994150
1994380
1994484
1994671
1995836
1995864
1995907
1995936
1996355
1996364
1996368
1996569
1996836
1996851
1996865
1996933
1997465
1997603
1997828
1998551
1998571
1998679
1998793
1998924
1999503
1999611
1999630
2000203
2000260
2000298
2000379
2000886
2000939
2000985
2001172
2002121
2002164
2002190
2002696
2002756
2002792
2003133
2003342
2003802
2003849
2004234
2004564
2004711
2005089
2005781
2005816
2005891
2006129
2006197
2006455
2006791
2007195
2007740
2007862
2008050
2008139
2008154
2008323
2008902
2008917
2008969
2009007
2009090
2009214
2009981
2010155
2010708
2011168
2011568
2011840
2012550
2013094
2013309
2013743
2013854
2014471
2014680
2014875
2015152
2015179
2015324
2015536
2015686
2015764
2015772
2016084
2016240
2016488
2016984
2016991
2017211
2017309
2017617
2017664
2017884
2019250
2019609
2019718
2020039
2020059
2020314
2020770
2021143
2021161
2021898
2022050
2022117
2022169
2022299
2022330
2022534
2022565
2022582
2022810
2023598
2023670
2023712
2023815
2024687
2024792
2024815
2025863
2025982
2026119
2026736
2026876
2027192
2027599
2027741
2027797
2027829
2028187
2028351
2028731
2028757
2029087
2029588
2029627
2029630
2030016
2030053
2030161
2030296
2030400
2030468
2031347
2031583
2031932
2032112
2032423
2032470
2033126
2033486
2033562
2034245
2034640
2034701
2034824
2034878
2035553
2035561
2035674
2035994
2036027
2036091
2037038
2037201
2037634
2037965
2038026
2038515
2038685
2038743
2038815
2038960
2039120
2039482
2039679
2039882
2040281
2040324
2040336
2040670
2040838
2041071
2041165
2041182
2041350
2041372
2041943
2042243
2042697
2043502
2044023
2044147
2044607
2044677
2044873
2044952
2045075
2045201
2045440
2045668
2046430
2046591
2046718
2047569
2047988
2048042
2048184
2048619
2048710
2048778
2048937
2049491
2049873
2050123
2050274
2050520
2050972
2051398
2051520
2051569
2051819
2051886
2052261
2052318
2052647
2052651
2052739
2052780
2052850
2052888
2052953
2053332
2053715
2054494
2054510
2054613
2054810
2054912
2055130
2055252
2055337
2055756
2056028
2056422
2056439
2056735
2056931
2057276
2057663
2058011
2058299
2058683
2058834
2058842
2059362
2059736
2059803
2059981
2060157
2060335
2060523
2061508
2061707
2061832
2062534
2062752
2063378
2063480
2063716
2063973
2064379
2065135
2065698
2065914
2066053
2066472
2066688
2066730
2067878
2068089
2068090
2068301
2068665
2068799
2069067
2069305
2069623
2070271
2070651
2070708
2070966
2070967
2071007
2071158
2071321
2071820
2072388
2072536
2072731
2072814
2073111
2073164
2073393
2074098
2074286
2074477
2074683
2075050
2076017
2076201
2076393
2076458
2077180
2077746
2077932
2079035
2079311
2079402
2079751
2080184
2080272
2080502
2080513
2080692
2081102
2081150
2081853
2081945
2082089
2082465
2082497
2082576
2082642
2082756
2082813
2082895
2083100
2083167
2083286
2083641
2083643
2084012
2084465
2084497
2084700
2085485
2085882
2086256
2086542
2086577
2086732
2086762
2086867
2087124
2087132
2087228
2087258
2087560
2088720
2088780
2088895
2088982
2089451
2089925
2091075
2091189
2091236
2092043
2092301
2092424
2092467
2093242
2093705
2093897
2094975
2095683
2096356
2096499
2096596
2096894
2097102
2097157
2097192
2098322
2099306
2099394
2100077
2100666
2100843
2101073
2101691
2102548
2103187
2103491
2103867
2105314
2105411
2105431
2105646
2105655
2106300
2106316
2106818
2107563
2107896
2108047
2108519
2108711
2109160
2109602
2109832
2109968
2110406
2110949
2111621
2112203
2112211
2112225
2113069
2113752
2114204
2114231
2114774
2114903
2115193
2115250
2115255
2115405
2115428
2115654
2115775
2116461
2116700
2116873
2117757
2118038
2118066
2118248
2118361
2118625
2119070
2119291
2120392
2120401
2120462
2120639
2121030
2121441
2121572
2121826
2122124
2122443
2122507
2122557
2122763
2122998
2123674
2123678
2123726
2125209
2125506
2125701
2126078
2126541
2126665
2127097
2127215
2127302
2127673
2127792
2127837
2128186
2128424
2128445
2128566
2128581
2128636
2128665
2128767
2128977
2129294
2129426
2130326
2130340
2130803
2131072
2131805
2132672
2133049
2133056
2133409
2133986
2134367
2134510
2134860
2135048
2135109
2135152
2135360
2135435
2135723
2135827
2135869
2136308
2136827
2137529
2137691
2137695
2138234
2138555
2138768
2138884
2139218
2139319
2139350
2139355
2139523
2139566
2140333
2140430
2141110
2141563
2142040
2142094
2142411
2142489
2144039
2144197
2144646
2144923
2145006
2145104
2145160
2146167
2146309
2146519
2146673
2146731
2147024
2147459
2147950
2148168
2148583
2148665
2149350
2149619
2149645
2150243
2150398
2150864
2151155
2151221
2151441
2151468
2151717
2151739
2151800
2151905
2152136
2152208
2152257
2152561
2153179
2153207
2153620
2153939
2154073
2154256
2154407
2155454
2155767
2155914
2155977
2156233
2156857
2156895
2156910
2157755
2158622
2158924
2159420
2159604
2159667
2159834
2160010
2160108
2160509
2162117
2162392
2163411
2163839
2164740
2164781
2165371
2165710
2165956
2166296
2166315
2166921
2166922
2167006
2167209
2167472
2167525
2167656
2167821
2168091
2168268
2168725
2169593
2170111
2170551
2170615
2170936
2171369
2171488
2172494
2172611
2173017
2173167
2173470
2173532
2173836
2173873
2173994
2175093
2175135
2175593
2176509
2176795
2176888
2176943
2177139
2177926
2178825
2178838
2178874
2179100
2179209
2179327
2179661
2179672
2179728
2180173
2180910
2181069
2181273
2181460
2181898
2182242
2182264
2182482
2182488
2182685
2182985
2183035
2183200
2183305
2183823
2184110
2184536
2184878
2185088
2185294
2186250
2186316
2186387
2186396
2186510
2186570
2187124
2187259
2187404
2187569
2187637
2187737
2188050
2188196
2188290
2188521
2188615
2189037
2189580
2189658
2189686
2190231
2190267
2190448
2190464
2190489
2190713
2190790
2190819
2191469
2192107
2192169
2192408
2193339
2193404
2193985
2194621
2194971
2195124
2195314
2195453
2196148
2196160
2196209
2196705
2196716
2196806
2196944
2197877
2198950
2199280
2199457
2199568
2199710
2200045
2200053
2200294
2200454
2200507
2200722
2200777
2201215
2201680
2201695
2201813
2202096
2202299
2202676
2202733
2203087
2203360
2203510
2204307
2204626
2205270
2205474
2205479
2205596
2205597
2205751
2205997
2206250
2206442
2206868
2207009
2207191
2207674
2207783
2208418
2208426
2208496
2209021
2209045
2210004
2210068
2210224
2210268
2210393
2211794
2213888
2213963
2214214
2214244
2214517
2214930
2214992
2215741
2215943
2216466
2217095
2217345
2218199
2218452
2218870
2218952
2219166
2219454
2219640
2219698
2220062
2220304
2220870
2221045
2221067
2221771
2221840
2222029
2222080
2222125
2222512
2222840
2222907
2223158
2223234
2223444
2223629
2223659
2223678
2223734
2223837
2225295
2225334
2225466
2225636
2225858
2225998
2226110
2226146
2226273
2226792
2227051
2227214
2227476
2227754
2227760
2228467
2228800
2229211
2229245
2229439
2229462
2229535
2229554
2229736
2229760
2229796
2229893
2230875
2231157
2231492
2231812
2232027
2232167
2233124
2234573
2234871
2235185
2235583
2235835
2235876
2236105
2236122
2236204
2237242
2237679
2238251
2238483
2238771
2238869
2238890
2238947
2239303
2239365
2239669
2239762
2240326
2241263
2241300
2242453
2243774
2244106
2244179
2244464
2244594
2244827
2245304
2245370
2246988
2247055
2247158
2247288
2247523
2247693
2247796
2248517
2248709
2248793
2248927
2249281
2249352
2249633
2249875
2249905
2250015
2250169
2250945
2251776
2251781
2252024
2252129
2252210
2252281
2252310
2252769
2253047
2253963
2253996
2254257
2254388
2254608
2254776
2255141
2255352
2255453
2255783
2256592
2256790
2256858
2257089
2257203
2257598
2258806
2259095
2259157
2259276
2259863
2260330
2260581
2260717
2261306
2261726
2261729
2261892
2261956
2262796
2263100
2263128
2263245
2263533
2263600
2264183
2264245
2264572
2264892
2265261
2265569
2265961
2267258
2267593
2267732
2268092
2268280
2268537
2269817
2269875
2270303
2270426
2270512
2270729
2270945
2271323
2271589
2271807
2272593
2273434
2273444
2274273
2274286
2274699
2274714
2274836
2275573
2275962
2276240
2277116
2277623
2277950
2278184
2278260
2278360
2278493
2278589
2278907
2279760
2279990
2280119
2280265
2280319
2280727
2281325
2281464
2281792
2282024
2282424
2282445
2282792
2283181
2283840
2284132
2284963
2285406
2286084
2286343
2286757
2286915
2287903
2287942
2288189
2288764
2288854
2288944
2289499
2289530
2289531
2289646
2290144
2290222
2290339
2290574
2290927
2291012
2291014
2291889
2292381
2292426
2293078
2293237
2293624
2293679
2294075
2294943
2295154
2295439
2295470
2295716
2296371
2296449
2296594
2296628
2297115
2297410
2297779
2298112
2298123
2298697
2298718
2299195
2299274
2299531
2299617
2299810
2299841
2300339
2300349
2301305
2301346
2301765
2301957
2301988
2302035
2302087
2302481
2302689
2303013
2303275
2303717
2303729
2303917
2304059
2304116
2305092
2305141
2305462
2305491
2306026
2306426
2306436
2306466
2306722
2306985
2307324
2307423
2307683
2308323
2308985
2309121
2309195
2309330
2309517
2309523
2309589
2309906
2309976
2310162
2310881
2311851
2312295
2312325
2313085
2313369
2314222
2314539
2314957
2315885
2315992
2316367
2316401
2316568
2316658
2316952
2317619
2317656
2318339
2318473
2319187
2319193
2319239
2319593
2320037
2320074
2321844
2322466
2322488
2322636
2322955
2323201
2323309
2323316
2323430
2323434
2323702
2323815
2324157
2324276
2324476
2325254
2325713
2325808
2325918
2326133
2326375
2326418
2326507
2326804
2327248
2327260
2327394
2327438
2327601
2328150
2328549
2328558
2329953
2331781
2331871
2332016
2332080
2332135
2332560
2332641
2332662
2332765
2332797
2332968
2333152
2333421
2333950
2334482
2334681
2335150
2335179
2335515
2335995
2336072
2336277
2336383
2336396
2336447
2336462
2336537
2337168
2337452
2337582
2337675
2337753
2337786
2338866
2339049
2339163
2339261
2339791
2339842
2340095
2340214
2340734
2341800
2342021
2342370
2343283
2343638
2343816
2344075
2344385
2344669
2344711
2345184
2345635
2345785
2345851
2346715
2346720
2346737
2346812
2346829
2346854
2346990
2348218
2348770
2349253
2349546
2349764
2350156
2350164
2352045
2352515
2352731
2352776
2352806
2352851
2353077
2353120
2353432
2353488
2353848
2354853
2355187
2355677
2355786
2356378
2357076
2357645
2358000
2358100
2358145
2358247
2358255
2358492
2358544
2358855
2359111
2359231
2359826
2360171
2360619
2360970
2361789
2362265
2362296
2362595
2362675
2362946
2362996
2363098
2363332
2363583
2364533
2364798
2364919
2365211
2365490
2365672
2365745
2366519
2366530
2366738
2367629
2368353
2368379
2369031
2369291
2369653
2370189
2370261
2370274
2370548
2370914
2371423
2371551
2371965
2372345
2372446
2372521
2373529
2373803
2374958
2375195
2375286
2375775
2376097
2376322
2376502
2377592
2377783
2378760
2378807
2378946
2379065
2379989
2379996
2380354
2381177
2381248
2381622
2382524
2382570
2382621
2382653
2382701
2382833
2383500
2384048
2384071
2384080
2384813
2385055
2385605
2385901
2386366
2386376
2386565
2386712
2386928
2387176
2387871
2388066
2388113
2388239
2388667
2389735
2389766
2389976
2390114
2390430
2390464
2390574
2391169
2391294
2392061
2392070
2392645
2392651
2393359
2394170
2394266
2394606
2394753
2394810
2395003
2395161
2395503
2396007
2396906
2397104
2397483
2397794
2397956
2398485
2398945
2399206
2400154
2400353
2400541
2400849
2401629
2401662
2401800
2402130
2402253
2402256
2402622
2403123
2403818
2403942
2404013
2404177
2404379
2404422
2404642
2404647
2404738
2405274
2405703
2405740
2405931
2405934
2406732
2407693
2408310
2408363
2408649
2409373
2409556
2409690
2410590
2411260
2412280
2412401
2412449
2413054
2413243
2415131
2415411
2415982
2416211
2416498
2416532
2417036
2417378
2417435
2417624
2417840
2417990
2418884
2419038
2419046
2419399
2420444
2420467
2420699
2420705
2421514
2422342
2422638
2422646
2422657
2422989
2423063
2423364
2423492
2423529
2423739
2423762
2423941
2424864
2425792
2426256
2426257
2426267
2427588
2427787
2427816
2428715
2428745
2428985
2429555
2429906
2430259
2430269
2430920
2431512
2431675
2432467
2432528
2432749
2433307
2433479
2433821
2433863
2433961
2434198
2434200
2434330
2434542
2434737
2434937
2435111
2435480
2435574
2436141
2436417
2437074
2437599
2437809
2437821
2437836
2438558
2440316
2440463
2440903
2441068
2441118
2441315
2441659
2441967
2442653
2442783
2442822
2442960
2443497
2444227
2444403
2444662
2445083
2445126
2445349
2445510
2445775
2446219
2446727
2446838
2446887
2447022
2447103
2447235
2447290
2447541
2447567
2448326
2448420
2448458
2448865
2449271
2449370
2449480
2449537
2450470
2450682
2450887
2451473
2451731
2452304
2452468
2453213
2453872
2454006
2454270
2454528
2454715
2454830
2455040
2455426
2455502
2455673
2455785
2455944
2456354
2456999
2457416
2457475
2457907
2458291
2458516
2459534
2459574
2460005
2460047
2460660
2461129
2461344
2461642
2461655
2461724
2462247
2462266
2462563
2462717
2462788
2462800
2462815
2462819
2464984
2465358
2465654
2465873
2466191
2466359
2466428
2467215
2467250
2467254
2467401
2467834
2467946
2468045
2468092
2468145
2468308
2468556
2468747
2469108
2469237
2469292
2469646
2469675
2471462
2472103
2472358
2472389
2472397
2472880
2473461
2473507
2473578
2474184
2474200
2474315
2474453
2474685
2474790
2475632
2475654
2475805
2476387
2476610
2476719
2477241
2477436
2477510
2477536
2477635
2477913
2477995
2478285
2478810
2479079
2479240
2479253
2479460
2479474
2479677
2479724
2479760
2479958
2480160
2480489
2480555
2480567
2481226
2481718
2482093
2482705
2483223
2483597
2483778
2483916
2484338
2484476
2484518
2484950
2485094
2485361
2485384
2485570
2485657
2485767
2485856
2487077
2487714
2487739
2488310
2488344
2488528
2488714
2488920
2489439
2489666
2490121
2490308
2490341
2490612
2491203
2491466
2491492
2492141
2492274
2492556
2492916
2492974
2493035
2493595
2493707
2494065
2494872
2494956
2495139
2495210
2495368
2495577
2495593
2495734
2497330
2497338
2497401
2497566
2497929
2499381
2499403
2499754
2499814
2499929
2500100
2500159
2500265
2500443
2500519
2500719
2500842
2500930
2501934
2502167
2503560
2504025
2504108
2504191
2504685
2505145
2506120
2506203
2506520
2506577
2506602
2506818
2507022
2507042
2507139
2507318
2507332
2508022
2508158
2508942
2511099
2511132
2511453
2511520
2511674
2511990
2512049
2512578
2512801
2513095
2513123
2513206
2513670
2513984
2514274
2514424
2514480
2515237
2515443
2515659
2515779
2516057
2516059
2516125
2516636
2516646
2516956
2517015
2517729
2517963
2518033
2518391
2518476
2518753
2518756
2518834
2518996
2519010
2519295
2519364
2519765
2519832
2520103
2520180
2520203
2520453
2520659
2520910
2520943
2521300
2521537
2521562
2521590
2522392
2522668
2523356
2523678
2524045
2524440
2524542
2524807
2526138
2526145
2527826
2528261
2528270
2528564
2528804
2528998
2529143
2529378
2529398
2529475
2529507
2529522
2529807
2529820
2530018
2530081
2530091
2530727
2530804
2530814
2531009
2531300
2531313
2531661
2534850
2535144
2535634
2536406
2536690
2536751
2536810
2537842
2537955
2538037
2538609
2538620
2538667
2538914
2539045
2539715
2540013
2540321
2540798
2542388
2542509
2543893
2544029
2544108
2544530
2544722
2544723
2545325
2545522
2545613
2546395
2546657
2547060
2547155
2547618
2547840
2548045
2548072
2548183
2548838
2548918
2549263
2549692
2549878
2549996
2550018
2550281
2551512
2551575
2551923
2551936
2552016
2552240
2552454
2552530
2553255
2553640
2553675
2553676
2553714
2554333
2554388
2554424
2554611
2555585
2556241
2556389
2556885
2557016
2557071
2557090
2557600
2558335
2558802
2558905
2558923
2559155
2559325
2560256
2560341
2560385
2560686
2560886
2561126
2561299
2561300
2561812
2561893
2561900
2562027
2562200
2562292
2562717
2562788
2562795
2563052
2563710
2563778
2564224
2564371
2564446
2564568
2565056
2565260
2565264
2565760
2565761
2566203
2566285
2566527
2567297
2567795
2568159
2568234
2568311
2568463
2568744
2568793
2568880
2569397
2569551
2570471
2570494
2570511
2570742
2570959
2571638
2571694
2571824
2571853
2572015
2572172
2572255
2572435
2572438
2572736
2573267
2573501
2574330
2574383
2574661
2575242
2575949
2576802
2577495
2577632
2577787
2578108
2578411
2579559
2580497
2580685
2580729
2580855
2580996
2581191
2581240
2581276
2581344
2581671
2581730
2581778
2581961
2582449
2582461
2582577
2582667
2582726
2582918
2583305
2583478
2583650
2584015
2584041
2584067
2584528
2584859
2584910
2585043
2585528
2586014
2586449
2587195
2588589
2588778
2589008
2589886
2589994
2590377
2590474
2590491
2590889
2590964
2591065
2591407
2591454
2592345
2592351
2592458
2592609
2592925
2592942
2593027
2593126
2593336
2593359
2593624
2593719
2593794
2593826
2593872
2594652
2595193
2595693
2595761
2596027
2596192
2596394
2596910
2596912
2597537
2597544
2597559
2598078
2598153
2598221
2598355
2598760
2598802
2599977
2600933
2601740
2601795
2601884
2601977
2602702
2603160
2603334
2603795
2603926
2604387
2604508
2604939
2605098
2605614
2606363
2606925
2607026
2607091
2607148
2607544
2607645
2608199
2608435
2608515
2608703
2609159
2609173
2609472
2609531
2609776
2609811
2609854
2609999
2610013
2610782
2610857
2610931
2611078
2611090
2612517
2612630
2613089
2613781
2613918
2614043
2614238
2614266
2615112
2615153
2616128
2616226
2616481
2616851
2617008
2617069
2617412
2617432
2618444
2618932
2621060
2622342
2622497
2622710
2623100
2623121
2623127
2623428
2623890
2624054
2624552
2624799
2624987
2624998
2625440
2625525
2625642
2626044
2626534
2626872
2627493
2627719
2627755
2627832
2627977
2628180
2628202
2628722
2628875
2629815
2630783
2631363
2631606
2631648
2631901
2631922
2632495
2633009
2633287
2633314
2633411
2633497
2633942
2634031
2634159
2634275
2634978
2635093
2635240
2635342
2635906
2636113
2636753
2636759
2636782
2637010
2637455
2637468
2637728
2637761
2638881
2639049
2639158
2639611
2639618
2639976
2639991
2640244
2642007
2642187
2642514
2642660
2642713
2642915
2643108
2643497
2643886
2644132
2644323
2644784
2644855
2644941
2644967
2645145
2645219
2645248
2645300
2645563
2645794
2646089
2646481
2646630
2646703
2646976
2647212
2648338
2648474
2648562
2648776
2648824
2649578
2649880
2650879
2650964
2651170
2651399
2652028
2652220
2652358
2652484
2652613
2652634
2652811
2652957
2653165
2653387
2653709
2653853
2654095
2654430
2655132
2655296
2655713
2656129
2656505
2656609
2656613
2657205
2657400
2657427
2657585
2658104
2658197
2658213
2658296
2658456
2658503
2658738
2658828
2659172
2660167
2660414
2661090
2661135
2661160
2661801
2661910
2662158
2662182
2662297
2662543
2662830
2662863
2662926
2663316
2663367
2664377
2664401
2664690
2665951
2666086
2666158
2666432
2666441
2666783
2667202
2667211
2667235
2667465
2667581
2667810
2667819
2668007
2668255
2668835
2669125
2669314
2669493
2669667
2670191
2670277
2670441
2670561
2670617
2670673
2670722
2670847
2670902
2671455
2672287
2672346
2672937
2673895
2673983
2674313
2674369
2674635
2674801
2675647
2676120
2676653
2677094
2677305
2677567
2677599
2677671
2677887
2677894
2678004
2678200
2678814
2679063
2679183
2679415
2679472
2679528
2679826
2679853
2679986
2680815
2680889
2681554
2681864
2681904
2681965
2681997
2682069
2682297
2682812
2682859
2683301
2683383
2683420
2683530
2683599
2683726
2683929
2685241
2685964
2686742
2687121
2688217
2688543
2688695
2688939
2689805
2690035
2690238
2691156
2691242
2691307
2691343
2691668
2691701
2691777
2692158
2692182
2692222
2692619
2692660
2692946
2693022
2693105
2693305
2693370
2693445
2693974
2694527
2694608
2694624
2694883
2695123
2697372
2697590
2698598
2698789
2699226
2699450
2699660
2699746
2699848
2699920
2700200
2700376
2701041
2701567
2701644
2701854
2702078
2702148
2702280
2702875
2703070
2703153
2703388
2703620
2703781
2704395
2704474
2704816
2704918
2704981
2705406
2705473
2705605
2705985
2706370
2706391
2706889
2706990
2707098
2707463
2707893
2708107
2708311
2708394
2708535
2708787
2708838
2709214
2709409
2709639
2710130
2710513
2710886
2711592
2711664
2711790
2711899
2712223
2712873
2713639
2713746
2713778
2714128
2714144
2714578
2715070
2715680
2716189
2716271
2716463
2716820
2716991
2717578
2717665
2717703
2718100
2718105
2718160
2718333
2718944
2719248
2719378
2719519
2719551
2719565
2720297
2721136
2721342
2721732
2721897
2722112
2722274
2722359
2722452
2722497
2722521
2722749
2723197
2723465
2723984
2724008
2724774
2725324
2725366
2725368
2726107
2727085
2727489
2727600
2727809
2728058
2728213
2728554
2729137
2729331
2729715
2729721
2729780
2729948
2730039
2730340
2730973
2731381
2731385
2731430
2731817
2732057
2732825
2732837
2733001
2733046
2733259
2733398
2733719
2733749
2734139
2734189
2734531
2735510
2735668
2737366
2737496
2737694
2737796
2737942
2738348
2738761
2738946
2739311
2739801
2739949
2740218
2740318
2740587
2740654
2741549
2742107
2742599
2742606
2742855
2742993
2743254
2744137
2744477
2745124
2745381
2745453
2745497
2745684
2746958
2747041
2748227
2749755
2749790
2750273
2750492
2750534
2750600
2750638
2750678
2750906
2751027
2751348
2751734
2751828
2752021
2752037
2752319
2752429
2752533
2752536
2752817
2752886
2753424
2753715
2754531
2754578
2754622
2754934
2755504
2755714
2755849
2755919
2755941
2755960
2756075
2756660
2756666
2756882
2757240
2757385
2757561
2757722
2757984
2758422
2759799
2759846
2760972
2761292
2761341
2762097
2762673
2763017
2763056
2763313
2763343
2763596
2763861
2764062
2764461
2764479
2765118
2765335
2765442
2766048
2766166
2766977
2767881
2768400
2769732
2769853
2770084
2770536
2771337
2771638
2772541
2772823
2773019
2773247
2773430
2774565
2775171
2775283
2775786
2776067
2776117
2776224
2776637
2777032
2777223
2777384
2778147
2778831
2779067
2779130
2779442
2779785
2780230
2780390
2781065
2781105
2781166
2781415
2781482
2781947
2782181
2782264
2782575
2782634
2783169
2783575
2783582
2783829
2783968
2784861
2785846
2785973
2786076
2786423
2787063
2787256
2787395
2787534
2787648
2788011
2788208
2788987
2789521
2789911
2790131
2790376
2790430
2790638
2791233
2791509
2792170
2792668
2792722
2792945
2793237
2793306
2793432
2793669
2795639
2795649
2795668
2795690
2795804
2795820
2795889
2796070
2796563
2796635
2796865
2797266
2797575
2797840
2797919
2797974
2798122
2798478
2798571
2798728
2798782
2798877
2799249
2800631
2800657
2801023
2801336
2801982
2802029
2802100
2802243
2802385
2802497
2802567
2802869
2802947
2803096
2803165
2803166
2803287
2803498
2803530
2803800
2804347
2804458
2804988
2805870
2805999
2806098
2806293
2806896
2807122
2807635
2807776
2808743
2809083
2809826
2810101
2810172
2810572
2811304
2811916
2811963
2812155
2812300
2812445
2812763
2813198
2813277
2814215
2814365
2814446
2814506
2814761
2814773
2814979
2816514
2816745
2817198
2817770
2817907
2818196
2818270
2819215
2819413
2819449
2819949
2819994
2820174
2820284
2821123
2821487
2821496
2821511
2821994
2822704
2822755
2823160
2823318
2823353
2823933
2824003
2824043
2824854
2824900
2824944
2825020
2825074
2825158
2825300
2825471
2825918
2825952
2826268
2827572
2827696
2828131
2828256
2828270
2828326
2828889
2828990
2829072
2829126
2829248
2829435
2830059
2830078
2830261
2830451
2830532
2831223
2831818
2832070
2832121
2832220
2832423
2832789
2832883
2833323
2833571
2833647
2833697
2833981
2834469
2834594
2835015
2835818
2836007
2836161
2836205
2836440
2836586
2837354
2837781
2837808
2837879
2838685
2839472
2839777
2840462
2840870
2841528
2841529
2841604
2842849
2842861
2843190
2843278
2843370
2844009
2844124
2844591
2844684
2844763
2845514
2845523
2845539
2845950
2846712
2847324
2847416
2847425
2847895
2847902
2847908
2848520
2848540
2848542
2848878
2849110
2849184
2849240
2849370
2849703
2850482
2850691
2852644
2852698
2852769
2852959
2853036
2853184
2853285
2853528
2853800
2853900
2854538
2854634
2854940
2855078
2855092
2855140
2855141
2855221
2855704
2855705
2856290
2856454
2856459
2856863
2857220
2857442
2857676
2857690
2857891
2858336
2859002
2859211
2859355
2859598
2860096
2860821
2861316
2861332
2861535
2861593
2862172
2862300
2862384
2862581
2862603
2862657
2862927
2863243
2863322
2863766
2863986
2864413
2864510
2864666
2865045
2865380
2865807
2866104
2866137
2866489
2867063
2867097
2867556
2867846
2868203
2868207
2868783
2869083
2869196
2869214
2869435
2869538
2869768
2870606
2870933
2871175
2871330
2871475
2871555
2871565
2871771
2871797
2871888
2872841
2872931
2872945
2873138
2873465
2873494
2873823
2874329
2874579
2874971
2875127
2875291
2875330
2875348
2875423
2875522
2876079
2876502
2877083
2877194
2877411
2877743
2877932
2878145
2878434
2878958
2879110
2879355
2879410
2879684
2880422
2881846
2882571
2882718
2883493
2883574
2883742
2883852
2883894
2884063
2884835
2884851
2885134
2885400
2886135
2886315
2886435
2886751
2886873
2886891
2887263
2887676
2887873
2887961
2888344
2888492
2888990
2889181
2889288
2889536
2889559
2889760
2890178
2890608
2890635
2890798
2891038
2891089
2891276
2891356
2891507
2892124
2892165
2892563
2892982
2892986
2893065
2893446
2893452
2894119
2895004
2895086
2895657
2895930
2896253
2896311
2897658
2897827
2898632
2898694
2898910
2899450
2899481
2899670
2901172
2901267
2901333
2901421
2901466
2902334
2902512
2903374
2903584
2903642
2903998
2904021
2904680
2904774
2905079
2905524
2906081
2906717
2906775
2906809
2907281
2907599
2907691
2907750
2907840
2907876
2908285
2908774
2908873
2908961
2909107
2909544
2910635
2910671
2910797
2910841
2910916
2910990
2911221
2911796
2911968
2912342
2912616
2913000
2913063
2913285
2913380
2913690
2913886
2914013
2915201
2915226
2915245
2915498
2915666
2915842
2915928
2916390
2916436
2917109
2917573
2917663
2918204
2918670
2919147
2919495
2919804
2919911
2919957
2920518
2921624
2921676
2921973
2922059
2922215
2922385
2922747
2922901
2923150
2923406
2923449
2923800
2923870
2924185
2924667
2925073
2925798
2925943
2925949
2926021
2926101
2926486
2926937
2926978
2927162
2927804
2928605
2928863
2929568
2929877
2930281
2930373
2930966
2931050
2931648
2931874
2932152
2932337
2933128
2933139
2933708
2933787
2933808
2934811
2934855
2934924
2935064
2935159
2935732
2936093
2936862
2936878
2937148
2937447
2937448
2938019
2938770
2938774
2939320
2939699
2940110
2940156
2940242
2940333
2940987
2941081
2941185
2941723
2941891
2942149
2942283
2942394
2942675
2943062
2943336
2943352
2943375
2943770
2944377
2944807
2945017
2945437
2945486
2945889
2945991
2945995
2946174
2946782
2947027
2947635
2948572
2949024
2949272
2949687
2949998
2950031
2950103
2950526
2950779
2950857
2951169
2951182
2951458
2951640
2951875
2952010
2952058
2952803
2953366
2953465
2953776
2954137
2954595
2954784
2955543
2955880
2955977
2956763
2957123
2957390
2957536
2957640
2958364
2958404
2958416
2958491
2958547
2959228
2959237
2960001
2960415
2960778
2960980
2961234
2961695
2962010
2962270
2962555
2962571
2962633
2963313
2964199
2964257
2964527
2964613
2964622
2964800
2965254
2965813
2966427
2966711
2966816
2967150
2967255
2967298
2967845
2967975
2968704
2968917
2969069
2969119
2969716
2969930
2970243
2970337
2970635
2971051
2971303
2971334
2971605
2971860
2972050
2972270
2972750
2972869
2972997
2973056
2973496
2974338
2974432
2974763
2975304
2975516
2975650
2975718
2976077
2976247
2976966
2977220
2977284
2978006
2978035
2978039
2978112
2978195
2978245
2978349
2978381
2978386
2978619
2979665
2980237
2980333
2980356
2980784
2980906
2980931
2982089
2982354
2982754
2983239
2983248
2983409
2983426
2983734
2984058
2984499
2985047
2985180
2985410
2985621
2985667
2985879
2986169
2986540
2986727
2987199
2987203
2987258
2988042
2988354
2988897
2989425
2989674
2990346
2990706
2991283
2991339
2991493
2991548
2992122
2992447
2992876
2992915
2993087
2993276
2993732
2993753
2993809
2994064
2994135
2994645
2994796
2995035
2995406
2995757
2995789
2995810
2996646
2996828
2997778
2997941
2998166
2998205
2998597
2998778
2998812
2998997
2999482
2999539
2999805
2999897
2999916
