2968057
2524312
2094365
1350974
1676481
2535548
1979829
1951254
2359213
1813903
152063
2879248
2524312
690793
614056
1396741
2824047
261755
2148713
1172846
586136
2524312
641608
1593284
1612335
1165064
164886
2524312
1179486
542732
927757
2010219
1503942
2524312
1578907
2419733
479716
1945905
1190117
2524312
535359
2524312
1622407
827269
2314471
2524312
2524312
2890028
1550840
2946611
639884
1510611
2741113
2524312
1573972
811910
132263
1711062
1267022
2524312
1291588
2524312
1676135
771693
2948822
1340691
2860251
846302
372387
87290
2781865
2101345
1012626
2939930
2494910
1286445
2524312
2449365
2524312
2149611
1259677
2216397
2524312
694307
587228
2650278
2053558
1100072
1678588
152489
2524312
400878
1018899
1203013
757736
138216
1541938
2524312
2524312
2276222
2390225
2524312
2362294
1091123
1988557
1798241
350318
2524312
2524312
2213191
2524312
1457694
2524312
869205
65633
1550455
2524312
1073027
609014
1525130
2524312
2524312
1087742
1589878
2524312
1209399
2524312
261736
2524312
205197
2524312
862645
2524312
2741343
1444629
2353820
1314898
2524312
590054
584699
2291241
1891296
1049269
2331903
270822
2524312
2623992
1954307
1198629
982650
1791766
139793
1235332
815194
1949529
2524312
2312309
2524312
2673317
566827
1177704
773116
2626447
2524312
1275334
2524312
2149201
2170943
1321512
2524312
2246987
925382
2524312
1371338
2400431
1810972
1223589
1651932
2524312
101224
325466
2524312
579380
2392852
832802
2524312
2524312
30808
1848770
2637541
876555
2926026
2524312
2449551
1910030
826145
352539
1652455
2586171
830991
1648811
1814001
2743304
1634479
1020603
2152663
1542836
724562
2833669
1020432
2881465
654547
2524312
151807
2906152
2524312
2806084
2754579
2488130
2229820
2289748
1021562
1371322
703109
2524312
1838792
134428
2467854
1869550
2252242
140749
2092131
1791416
1758298
298008
561480
2524312
2364184
2867461
1881487
1040652
1679265
1985545
1776283
2322798
2579150
1984990
2524312
1348915
200488
2469282
1212015
2524312
2140272
2240997
1454754
637808
1764531
2696958
2524312
259238
1455487
2524312
1120737
2002888
105707
2524312
2524312
2511044
1064156
1287940
376212
400430
2217810
2850651
2524312
2524312
1981395
2640749
1116264
1779291
2199720
2524312
161534
1651503
2524312
1236846
338884
2524312
2804019
958372
2524120
1938438
778525
2524312
353091
2519426
697664
1553536
1551628
2971670
1425946
2524312
2524312
2524312
2524312
2781896
1266951
2903868
1354508
1282559
1734619
2040904
787385
1278565
581202
2051274
2866299
547451
2524312
921081
2524312
2256819
946729
2524312
2524312
581587
588678
884775
867669
2524312
2672813
2407715
178625
69903
2524312
2524312
2577691
1963446
2524312
185803
927268
737698
1744784
2863560
2430142
2793315
2788433
2395948
1265690
2524312
1822385
2100932
2524312
2114599
155757
2826265
2524312
291390
2928432
2524312
912589
1934409
463078
2105240
1328435
2524312
2240894
2096001
93690
1307413
2524312
2524312
2786820
2772189
569978
140743
335491
106370
2881659
488206
79676
2524312
2311006
2924124
144915
2524312
274716
1012793
1176203
2729004
2598136
1808350
1642192
915281
667697
100781
794760
2499535
2524312
376627
2471491
1058894
2319053
1628207
1881307
2524312
647638
2322129
2702377
2661275
2395595
2557462
2122693
2524312
2524312
2524312
368760
1901721
98603
588762
2524312
2534138
428311
857470
295275
2524312
1459428
921332
2554231
2265334
2207872
17670
2592339
201064
2524312
2980891
2022890
2524312
1731403
74554
483365
2524312
2524312
2525364
2805203
2524312
98909
777896
2524312
1238100
2524312
2889451
2297925
385183
1939385
579795
307023
821761
2524312
1132437
1267090
2512087
1751030
2524312
1612312
426601
1477273
859906
964476
2117504
425879
2524312
2676406
713328
1928841
2524312
2818139
1406912
700865
1189897
1108110
1893194
1996764
1676069
1392429
1891832
315826
2524312
196319
2346502
2545177
2733467
2243136
132601
233068
2025203
2111246
1559344
909650
2266718
559806
924996
2859472
2008034
176378
1237936
2092632
1854711
2610516
1322852
1721795
2430947
2524312
1511751
2402504
2524312
1015106
1941765
1884180
2651500
2766937
13655
1817879
844183
1697721
782109
1288975
959456
2524312
957275
2005051
2026922
1976060
2524312
2545150
963061
2076318
607787
1558185
1870293
683527
1597912
245418
998284
2524312
622175
2524312
664622
467515
2002403
2681149
2524312
2213661
1571722
1806038
561036
2658138
2524312
826872
519722
1809935
2524312
2524312
2041048
1277628
1168616
2215188
1251829
1451383
766005
2783084
2501232
2370640
2524312
2324335
2762041
1351511
1162725
1443459
2223748
2524312
2524312
2902393
2524312
361993
1474
351304
2524312
2524312
2524312
2125600
2609170
2524312
2524312
936662
2524312
2524312
2339179
2524312
729965
1129817
2524312
2524312
1606485
2295888
2073540
884115
2524312
2564181
597409
1411888
2524312
50317
2999085
2524312
1084743
1392789
2121639
1117480
1656008
1669000
808782
2524312
1551935
815134
656368
2192102
153718
2524312
497654
195835
2915553
2314936
1850311
1288022
415004
1633765
465591
2524312
2953590
2524312
1954873
2663598
2524312
2317337
2524312
1436645
1078316
1227162
1256090
706143
2714179
558448
2524312
2919304
112697
372385
1054844
558376
2725536
2726564
2524312
324264
772881
496005
2654509
2524312
855971
2524312
836803
11600
2524312
1246610
2524312
1533838
148577
1218343
2904955
2890574
417123
2524312
2239931
1905522
718857
2056837
2777288
703575
1771778
2957844
545760
678067
2517264
2524312
2524312
1071702
2524312
2495003
142197
974934
2668689
2617335
2524312
2524312
2262209
1834901
2524312
2524312
1827177
1140075
92883
2996584
2524312
2524312
14535
335125
2317791
402680
2539337
851703
2524312
1447162
1278802
2001864
947982
2031347
2524312
2554511
426702
2193602
2491060
2524312
2524312
1806780
2524312
2524312
49337
2352492
514204
743476
686115
1153677
2189230
544581
2480058
1382460
2524312
344177
221761
40276
2524312
2524312
1035957
2524312
260211
1123230
233299
2846691
2524312
2524312
1508204
2575044
317378
1273226
926910
1110531
2524312
2524312
2524312
1646189
926766
2524312
2351375
1354325
1900820
907815
1030199
2165448
572598
519364
2275177
431145
2806587
1212008
89061
2524312
393256
2524312
579519
193523
1483299
230726
384947
229586
1169651
2409988
930967
2524312
1084287
1342975
2679109
2042576
1901831
1031706
1932317
2524312
980451
2524312
1124952
789079
1077836
2585593
2524312
2397876
2524312
153867
2900008
1048826
966739
1492618
296864
1330083
2524312
1666545
1738144
1641358
2902945
2064505
753459
30985
1571335
2102131
773223
2524312
2886825
925923
172448
2524312
57985
2524312
2923141
247276
2651651
2593465
122461
1051887
1489374
2524312
513586
2524312
2994130
1924247
2524312
1433130
1029875
2340649
1095423
1358622
891070
2524312
2228715
1961785
2524312
1300545
917595
34906
2155501
878656
2541135
1479488
5488
2702241
2234945
34743
623871
1140533
1743799
2495145
1767084
2212244
2814686
2696683
2587590
2524312
844245
1633975
132808
898062
2887351
2462419
500220
141921
2689793
363130
2305213
337022
1459936
2371806
1907583
275320
1989642
2524312
2616833
2960632
2240972
1679714
2524312
2749437
2524312
2524312
1350922
338277
2640170
1639439
219173
1030274
2147931
847606
2524312
1450938
2092692
2564039
2634677
2109564
369190
2524312
1021222
2524312
2481927
192179
1361389
2524312
321816
2204638
2435397
2643258
2297863
1070641
504389
2976430
2524312
2524312
622057
1949249
1148332
482217
1951919
724072
2524312
2448122
1887719
2351646
709820
1210554
1414997
2044114
2524312
865699
1715123
20893
1484729
2524312
1499992
1119044
1097429
473045
2524312
2524312
2876745
2726455
2524312
759185
2970781
2217580
2433048
1912273
2447895
1631172
1313652
925656
2524312
2524312
617272
2273445
2585095
1337344
842130
2581367
2960621
2655615
2631444
2278215
851015
2451659
2307101
2863720
1905794
283975
2195476
2921421
