1505
3957
4233
7557
8080
8461
12740
13908
19118
27716
28064
35840
38287
41300
42321
43193
43906
44235
44394
46993
58979
59240
68483
77083
78198
78860
80528
81504
83517
90552
96282
97184
97649
97733
98619
109644
109894
110742
116103
121102
122638
128542
133836
134002
144099
144278
145464
156212
172883
173548
175311
176288
177777
182436
186224
186394
187361
187449
189301
192318
192384
201194
203482
211263
212566
213720
220490
224145
224983
227341
233340
234304
235962
236824
238555
240055
242797
242937
258134
258236
259537
261872
262063
267458
267848
269027
270110
271005
271094
275656
280291
280337
282678
284488
293738
299832
304610
316885
317720
319763
322747
325231
327083
330202
331364
331986
332301
332483
333089
340931
342088
342728
343989
345804
345808
347703
349280
351093
352930
353259
362086
364549
365465
376607
376726
377065
382200
389448
389747
394528
397378
400960
402153
409825
415005
417653
422226
422699
426297
431466
431906
436419
443406
445816
446536
449551
451261
456925
457255
457592
458597
459656
462551
468426
472621
473543
474858
479689
480253
481660
482049
482366
484607
485866
488572
490861
493547
497316
511943
512034
513921
522275
523408
525669
526809
530258
535866
536124
536463
540776
545045
551149
556068
558222
564941
566657
569225
578313
579006
583125
585608
587599
591666
592027
599111
601274
602001
605176
606830
607235
607903
608417
610558
612654
615158
615740
616913
618034
621106
631019
632686
636639
643093
646963
649776
653852
656517
656814
668157
670125
672328
681196
683540
688151
689451
690787
691220
692368
695273
695312
696877
697817
698610
698733
701685
703179
709239
709439
712018
718461
719776
725944
729711
732433
740200
740292
744688
749802
750884
753019
761103
761392
764018
768247
770599
775390
777375
777378
781450
792694
801801
803585
803767
808243
812676
813251
821288
822612
829164
834628
835490
837073
841609
843246
849219
849286
852470
852591
853545
857659
859859
863359
865828
868765
874139
876317
877371
877511
880748
882200
883406
883408
884985
886348
889249
895715
898863
909293
911713
917971
927365
928180
932344
932496
932740
938535
939968
941975
942516
947193
947837
949365
956796
960542
964012
964921
972897
973141
980260
980430
982408
982416
985224
985682
986296
986301
988238
990229
995221
1003011
1003092
1007073
1007186
1008135
1011038
1012741
1013616
1015073
1017110
1019906
1022185
1025175
1026835
1027578
1033420
1034291
1036501
1041808
1043778
1045630
1053967
1056723
1057019
1058035
1065288
1068401
1068681
1072852
1078718
1078870
1086438
1089617
1092074
1092457
1092909
1098522
1103626
1105663
1106809
1110674
1115535
1119640
1122704
1123468
1124026
1126503
1133722
1135028
1136418
1139060
1144201
1147037
1149335
1153056
1154134
1154959
1157357
1157826
1161777
1163857
1164778
1167079
1168381
1174186
1177710
1178976
1179523
1184824
1186160
1187560
1195735
1195832
1208420
1213774
1215952
1216688
1218286
1219527
1220099
1223176
1226461
1227837
1236974
1242983
1244349
1246037
1254058
1254310
1254492
1255542
1256997
1257477
1258787
1263359
1264390
1265142
1270112
1272334
1273586
1274499
1282139
1291979
1297243
1300242
1300988
1303278
1311276
1311714
1312701
1314485
1316025
1318567
1322580
1323186
1327622
1329430
1335344
1343944
1344741
1349860
1353108
1364565
1365942
1369126
1370788
1373489
1376490
1382064
1382381
1383868
1385458
1389377
1389958
1393040
1393048
1394006
1395093
1397519
1403576
1405559
1406593
1407547
1412129
1414361
1417014
1420262
1425671
1431379
1432516
1436705
1437744
1439255
1443435
1445995
1448017
1451933
1452392
1453484
1455206
1457238
1458861
1461698
1466412
1490976
1492620
1495571
1496629
1514461
1524094
1524418
1524574
1526149
1531191
1531257
1534676
1535476
1537831
1539672
1545446
1549121
1564418
1574244
1574882
1576171
1580526
1580717
1582381
1585250
1585779
1592666
1594723
1597989
1599845
1601104
1602595
1603220
1605446
1613102
1614617
1618643
1620221
1620383
1627375
1628460
1630024
1633666
1634941
1636519
1636615
1637001
1646312
1652614
1658829
1660796
1663532
1665670
1666666
1671389
1681394
1684949
1685163
1689691
1693624
1694247
1701523
1704499
1704567
1712638
1715593
1718035
1720329
1723322
1726960
1727021
1728765
1736348
1744087
1750560
1753868
1755920
1756335
1760342
1760582
1762625
1768341
1768875
1770882
1774841
1774866
1775474
1779334
1780818
1782074
1784640
1786578
1787733
1788818
1792622
1795950
1801568
1801657
1803906
1804762
1804939
1813301
1828783
1837605
1839161
1842670
1843733
1846156
1847961
1852051
1853795
1859684
1866985
1868827
1870627
1871149
1871811
1874489
1884864
1886682
1888331
1889427
1890983
1896241
1904339
1906233
1908250
1908850
1909663
1911111
1911202
1911399
1911426
1915139
1918766
1920169
1922472
1924112
1924495
1925417
1928361
1929230
1933619
1935937
1936052
1936450
1941746
1943052
1945321
1946184
1949355
1953943
1956293
1957843
1958850
1959962
1964331
1965566
1966116
1969597
1973293
1980182
1984985
1985437
1987248
1990787
1992714
1996082
1996781
2007363
2011625
2015999
2018440
2022158
2022370
2026941
2034595
2034819
2037509
2039870
2042387
2048545
2056610
2059903
2060593
2066797
2082517
2087285
2087991
2089592
2092095
2095075
2099132
2105498
2110950
2119628
2119913
2120984
2122287
2122656
2123409
2127306
2128791
2136418
2138484
2140435
2148582
2156759
2157143
2158378
2165416
2169384
2173171
2175582
2180448
2184508
2187775
2188586
2199754
2203190
2203404
2204054
2204215
2207685
2210332
2218193
2218810
2226292
2226779
2230385
2231629
2234099
2239055
2239707
2242315
2247445
2253029
2255030
2259361
2265408
2270072
2270952
2273924
2287235
2288786
2292972
2301274
2302878
2305319
2306310
2308372
2311887
2315005
2316271
2321985
2322697
2323327
2324517
2329170
2331889
2341096
2348730
2350208
2355254
2361724
2363583
2365192
2365467
2367553
2373849
2373993
2377642
2378468
2380604
2383746
2394005
2394140
2394999
2398749
2401661
2402531
2402736
2404921
2407001
2411581
2415740
2416164
2416472
2416676
2418072
2418768
2419876
2423130
2427999
2429776
2439241
2442149
2445514
2445844
2449917
2452191
2453010
2457869
2459618
2459688
2460004
2463458
2464315
2466397
2469450
2470153
2479916
2480539
2487935
2491709
2492426
2492788
2493304
2493326
2493829
2494874
2496724
2496795
2498717
2500402
2511444
2516283
2516495
2521467
2522745
2530031
2531314
2533895
2536315
2536768
2537388
2540543
2540781
2541267
2541570
2547382
2547656
2549646
2550520
2552180
2557873
2558064
2559944
2561823
2567698
2572759
2573243
2576286
2578543
2580509
2583096
2585219
2589502
2590164
2591483
2594036
2594055
2596282
2599508
2599571
2600252
2605396
2605890
2607224
2608627
2610482
2611247
2612765
2614351
2615110
2619222
2621306
2623673
2628022
2628344
2629376
2633130
2634668
2636657
2638318
2638452
2648504
2650805
2651816
2651872
2653161
2657221
2661016
2667731
2668045
2672166
2672274
2673370
2675063
2678106
2685698
2687800
2692161
2692327
2694051
2697575
2699076
2701278
2703325
2705533
2705720
2706308
2706452
2712185
2712215
2712404
2712626
2717529
2717952
2718271
2724342
2726166
2733585
2738504
2742467
2746678
2747617
2747657
2748269
2758377
2763622
2766211
2768331
2769791
2772520
2773358
2774154
2777321
2781661
2782676
2788666
2793041
2796683
2802996
2806799
2810251
2817859
2823220
2823252
2823970
2831677
2833424
2834099
2834127
2834914
2834949
2836090
2839034
2840051
2841135
2842650
2843191
2846224
2853616
2853716
2855223
2856430
2859760
2862955
2866029
2870105
2876447
2880124
2888463
2894358
2895523
2897471
2907541
2907673
2909982
2919377
2919968
2920480
2924041
2924055
2926887
2931821
2938929
2941721
2941933
2943789
2949248
2952518
2956236
2958898
2961346
2964689
2965123
2971382
2974010
2984877
2985167
2991544
2997176
2997422
2997888
2998107
